1 6.20161e-19 9.09114e-11 -9.78397e-19 -6.20161e-19 1 5.61786e-13 -8.65843e-21 -9.09114e-11 -5.61786e-13 1 -6.97008e-13
0.999999 0.000331062 0.00151328 1.22281 -0.000330235 1 -0.000546945 0.00468135 -0.00151346 0.000546444 0.999999 0.0153871
0.999998 -0.000416964 0.00199119 2.56491 0.000420282 0.999999 -0.00166629 0.00890568 -0.00199049 0.00166712 0.999997 0.0295746
0.999999 -0.000791915 0.00137614 3.89716 0.000795843 0.999996 -0.00285653 0.0127741 -0.00137387 0.00285762 0.999995 0.0498109
0.999999 -0.000566764 0.00156515 5.211 0.000571346 0.999996 -0.00292816 0.0187599 -0.00156349 0.00292905 0.999994 0.0668644
0.999997 -0.000673518 0.00243774 6.5414 0.000681509 0.999994 -0.00327883 0.0254181 -0.00243551 0.00328048 0.999992 0.0771976
0.999993 -0.000627436 0.00377293 7.87482 0.000644187 0.99999 -0.00444039 0.0305857 -0.00377011 0.00444279 0.999983 0.0954735
0.999989 -0.00100944 0.00451085 9.20931 0.00102991 0.999989 -0.00453649 0.0372815 -0.00450622 0.00454109 0.99998 0.111257
0.999993 -0.00134077 0.00336459 10.5392 0.00135352 0.999992 -0.00379179 0.0470429 -0.00335948 0.00379631 0.999987 0.129859
0.999998 -0.00138398 0.00170012 11.8709 0.00138647 0.999998 -0.00146286 0.0619641 -0.00169809 0.00146522 0.999997 0.144926
0.999999 -0.00144086 0.000808802 13.2127 0.00143913 0.999997 0.00214128 0.0758574 -0.000811884 -0.00214012 0.999997 0.164912
0.999999 -0.00135167 0.000674247 14.5533 0.00134824 0.999986 0.00506767 0.0899826 -0.000681088 -0.00506676 0.999987 0.176361
0.999998 -0.00142371 0.00154952 15.9017 0.00141421 0.99998 0.00610961 0.0981536 -0.00155818 -0.00610741 0.99998 0.190351
0.999992 -0.00110494 0.00388969 17.249 0.00108768 0.99999 0.00443487 0.10174 -0.00389455 -0.0044306 0.999983 0.19633
0.999983 -0.000904619 0.00579548 18.6032 0.000903149 1 0.000256325 0.100294 -0.00579571 -0.000251087 0.999983 0.205003
0.999989 -0.00124112 0.00460161 19.9655 0.00125379 0.999995 -0.00275025 0.105671 -0.00459817 0.00275599 0.999986 0.226864
0.999996 -0.00142845 0.0024107 21.3161 0.0014368 0.999993 -0.00346678 0.107809 -0.00240573 0.00347023 0.999991 0.235186
0.999998 -0.000888712 0.00190494 22.6678 0.000890791 0.999999 -0.00109065 0.118331 -0.00190397 0.00109235 0.999998 0.278844
0.999995 -0.000375557 0.00314615 24.034 0.000370024 0.999998 0.00175931 0.131352 -0.0031468 -0.00175814 0.999994 0.276026
0.999976 0.000268722 0.00691642 25.4147 -0.000289181 0.999996 0.00295714 0.14137 -0.0069156 -0.00295907 0.999972 0.285133
0.999967 0.000292696 0.00809656 26.7909 -0.000291854 1 -0.000105167 0.138133 -0.00809659 0.000102801 0.999967 0.275356
0.999972 4.18401e-05 0.00748301 28.1606 -1.51723e-05 0.999994 -0.0035638 0.143393 -0.00748311 0.00356358 0.999966 0.291854
0.999986 4.75745e-06 0.00520356 29.5329 1.92344e-05 0.999989 -0.0046106 0.150284 -0.00520353 0.00461064 0.999976 0.296907
0.999993 0.000612115 0.00365438 30.9161 -0.000595978 0.99999 -0.00441533 0.155216 -0.00365705 0.00441312 0.999984 0.326428
0.999996 0.00110017 0.00253081 32.2865 -0.00109641 0.999998 -0.00148382 0.176019 -0.00253243 0.00148104 0.999996 0.334112
0.999998 0.0014867 0.00106975 33.6767 -0.00148661 0.999999 -8.43588e-05 0.182953 -0.00106988 8.27683e-05 0.999999 0.351646
0.999998 0.00139751 0.00106529 35.064 -0.00139889 0.999998 0.00129126 0.184092 -0.00106349 -0.00129275 0.999999 0.366187
0.999996 0.00126964 0.00236452 36.4488 -0.00127278 0.999998 0.00132658 0.190055 -0.00236283 -0.00132958 0.999996 0.388244
0.999991 0.000774578 0.00411528 37.8464 -0.000784143 0.999997 0.00232307 0.195666 -0.00411347 -0.00232628 0.999989 0.399214
0.999989 0.00057871 0.00475561 39.2357 -0.000598533 0.999991 0.00416797 0.203078 -0.00475316 -0.00417077 0.99998 0.412729
0.999988 0.000888588 0.00474861 40.6337 -0.000919754 0.999978 0.00656511 0.2059 -0.00474267 -0.00656941 0.999967 0.424465
0.999987 0.000678198 0.00514598 42.0281 -0.000724656 0.999959 0.00903135 0.214581 -0.00513965 -0.00903496 0.999946 0.434324
0.999986 0.000402344 0.00526394 43.4305 -0.000455014 0.99995 0.0100084 0.227812 -0.00525965 -0.0100106 0.999936 0.440721
0.999986 0.000176859 0.00522139 44.831 -0.000225439 0.999957 0.00930492 0.234695 -0.00521952 -0.00930597 0.999943 0.452433
0.999987 -0.00057076 0.00499494 46.2372 0.000527433 0.999962 0.00867135 0.237579 -0.0049997 -0.0086686 0.99995 0.467381
0.999985 -0.00145046 0.00531942 47.6497 0.00140504 0.999963 0.00853402 0.2474 -0.00533159 -0.00852642 0.999949 0.48199
0.999978 -0.00243776 0.00622288 49.0698 0.00238504 0.999961 0.00846472 0.252847 -0.00624327 -0.00844969 0.999945 0.493068
0.999973 -0.00340016 0.00654399 50.4767 0.00334151 0.999954 0.00895309 0.264063 -0.00657413 -0.00893098 0.999939 0.50669
0.999966 -0.00481835 0.00667614 51.8973 0.00475533 0.999944 0.00942456 0.26922 -0.00672118 -0.0093925 0.999933 0.520735
0.999951 -0.00594196 0.0078689 53.3125 0.00586731 0.999938 0.00947694 0.28087 -0.00792472 -0.00943031 0.999924 0.530015
0.999938 -0.00680721 0.00880979 54.734 0.00673147 0.99994 0.00859887 0.297285 -0.0088678 -0.00853904 0.999924 0.533132
0.999931 -0.00727573 0.00923257 56.1491 0.00721679 0.999953 0.00640144 0.306644 -0.00927871 -0.00633436 0.999937 0.541046
0.99993 -0.00769395 0.00900027 57.5696 0.00765309 0.99996 0.00456606 0.323392 -0.00903504 -0.00449686 0.999949 0.550179
0.999925 -0.00786957 0.00934075 58.9974 0.00783621 0.999963 0.00360289 0.334101 -0.00936875 -0.00352943 0.99995 0.560557
0.999919 -0.00772703 0.0101028 60.4178 0.00769987 0.999967 0.00272436 0.345334 -0.0101235 -0.00264635 0.999945 0.569002
0.999913 -0.00739473 0.0109161 61.8396 0.00738649 0.999972 0.000795407 0.364413 -0.0109217 -0.000714706 0.99994 0.574314
0.999919 -0.00688173 0.0107196 63.2644 0.0068976 0.999975 -0.00144458 0.374054 -0.0107094 0.0015184 0.999942 0.581399
0.999927 -0.00643308 0.0101982 64.6789 0.00645584 0.999977 -0.00220051 0.387816 -0.0101838 0.00226619 0.999946 0.592337
0.99993 -0.00610597 0.0101402 66.0856 0.00613353 0.999978 -0.00268962 0.401047 -0.0101235 0.00275162 0.999945 0.60734
0.999932 -0.00557927 0.0102485 67.4943 0.00558757 0.999984 -0.000781132 0.418744 -0.010244 0.000838343 0.999947 0.616341
0.999921 -0.00502148 0.0115128 68.9184 0.00499526 0.999985 0.00230481 0.435452 -0.0115242 -0.00224712 0.999931 0.625007
0.999907 -0.00425171 0.0129426 70.3261 0.00418099 0.999976 0.00548632 0.451761 -0.0129656 -0.0054317 0.999901 0.631117
0.9999 -0.00341225 0.013759 71.7192 0.00329361 0.999957 0.00863661 0.474803 -0.0137879 -0.00859043 0.999868 0.638987
0.999903 -0.00300631 0.0136294 73.1187 0.00283006 0.999912 0.0129326 0.49213 -0.013667 -0.0128928 0.999823 0.641077
0.999912 -0.00225621 0.0130866 74.5205 0.00204063 0.999862 0.0164636 0.504402 -0.0131219 -0.0164354 0.999779 0.645428
0.999915 -0.00174539 0.0129064 75.9084 0.00150663 0.999828 0.0184865 0.515774 -0.0129364 -0.0184655 0.999746 0.646767
0.99991 -0.00140693 0.0133516 77.3154 0.00115093 0.999816 0.0191622 0.527453 -0.0133761 -0.0191451 0.999727 0.650616
0.999911 -0.00143143 0.0132884 78.6982 0.00120551 0.999855 0.0169939 0.535448 -0.0133108 -0.0169764 0.999767 0.648643
0.999919 -0.00152938 0.0126218 80.0822 0.0013254 0.999869 0.0161539 0.544337 -0.0126448 -0.0161359 0.99979 0.655626
0.999918 -0.0018668 0.0126388 81.4789 0.00166014 0.999865 0.0163421 0.55239 -0.0126676 -0.0163198 0.999787 0.664871
0.999915 -0.002206 0.0128658 82.8651 0.00200214 0.999873 0.0158362 0.563269 -0.0128991 -0.0158091 0.999792 0.670337
0.999915 -0.0027138 0.0127251 84.2531 0.00252095 0.999882 0.015147 0.572371 -0.0127647 -0.0151136 0.999804 0.675036
0.999909 -0.00338812 0.0130369 85.6384 0.003182 0.99987 0.0157988 0.582454 -0.0130887 -0.0157559 0.99979 0.679475
0.999895 -0.00436765 0.0138149 87.012 0.0041605 0.999879 0.0149886 0.588612 -0.0138786 -0.0149295 0.999792 0.684698
0.999873 -0.0054008 0.0149697 88.3923 0.00520584 0.999902 0.0130322 0.600182 -0.0150386 -0.0129526 0.999803 0.683137
0.999858 -0.00663821 0.0155136 89.7549 0.00647453 0.999923 0.0105772 0.611155 -0.0155826 -0.0104752 0.999824 0.685763
0.99985 -0.00753945 0.0156059 91.1119 0.00741626 0.999941 0.00793692 0.620972 -0.0156648 -0.00781999 0.999847 0.685362
0.999846 -0.00816366 0.015506 92.4767 0.00806044 0.999945 0.00670775 0.638175 -0.01556 -0.00658174 0.999857 0.691267
0.999846 -0.00841383 0.0154282 93.8393 0.00832425 0.999948 0.00586131 0.650822 -0.0154768 -0.00573198 0.999864 0.694535
0.99985 -0.00873995 0.0149526 95.1963 0.0086599 0.999948 0.00541006 0.669488 -0.0149991 -0.00527977 0.999874 0.69579
0.999857 -0.00881936 0.0144174 96.5508 0.00874175 0.999947 0.00543744 0.683223 -0.0144646 -0.00531063 0.999881 0.697033
0.999863 -0.00863487 0.0140928 97.9 0.00854496 0.999943 0.00642761 0.702666 -0.0141475 -0.00630631 0.99988 0.702701
0.999864 -0.00832687 0.0142281 99.2607 0.00822287 0.999939 0.00735294 0.721992 -0.0142884 -0.00723494 0.999872 0.70051
0.999845 -0.00826429 0.0155195 100.611 0.00813296 0.999931 0.00850681 0.737001 -0.0155887 -0.00837927 0.999843 0.706326
0.999823 -0.00825987 0.0169323 101.972 0.00810461 0.999925 0.00921758 0.760849 -0.0170072 -0.00907872 0.999814 0.703257
0.999836 -0.0083379 0.0160924 103.324 0.00820787 0.999933 0.00812902 0.769479 -0.0161591 -0.0079956 0.999837 0.708701
0.99987 -0.0079461 0.0140055 104.66 0.00783442 0.999937 0.00801056 0.794284 -0.0140683 -0.0078998 0.99987 0.71038
0.999887 -0.0080818 0.0127149 105.991 0.00798853 0.999941 0.00736954 0.806265 -0.0127737 -0.00726713 0.999892 0.707319
0.999872 -0.0082074 0.013748 107.327 0.00812383 0.999948 0.00612366 0.814485 -0.0137975 -0.00601119 0.999887 0.706701
0.99985 -0.00762557 0.0155357 108.658 0.00757044 0.999965 0.00360433 0.833836 -0.0155626 -0.00348618 0.999873 0.703579
0.999836 -0.00706376 0.0166741 109.995 0.00703884 0.999974 0.00155332 0.844094 -0.0166846 -0.0014357 0.99986 0.711099
0.999858 -0.00612076 0.0157168 111.337 0.00611107 0.999981 0.000664166 0.851167 -0.0157206 -0.000568025 0.999876 0.710331
0.999891 -0.00548283 0.0137005 112.663 0.00545503 0.999983 0.0020659 0.870268 -0.0137116 -0.00199094 0.999904 0.71692
0.999918 -0.00456391 0.0119687 114.005 0.00450712 0.999978 0.0047673 0.88566 -0.0119902 -0.00471297 0.999917 0.72187
0.999925 -0.00310296 0.0118344 115.343 0.00300433 0.999961 0.00834334 0.901032 -0.0118599 -0.00830716 0.999895 0.723629
0.999907 -0.00180983 0.0135201 116.682 0.00167428 0.999948 0.0100303 0.911724 -0.0135376 -0.0100067 0.999858 0.720747
0.999875 -0.000988925 0.0157897 118.018 0.000842263 0.999956 0.00929244 0.91883 -0.0157982 -0.00927797 0.999832 0.716527
0.999861 -7.28356e-05 0.0166701 119.369 -6.2609e-05 0.999967 0.00812432 0.930392 -0.0166702 -0.00812424 0.999828 0.714283
0.999866 0.000866617 0.0163381 120.707 -0.0010025 0.999965 0.00831059 0.934126 -0.0163304 -0.00832586 0.999832 0.717346
0.999871 0.00190843 0.0159715 122.044 -0.00207666 0.999942 0.0105235 0.938541 -0.0159505 -0.0105553 0.999817 0.721172
0.999873 0.00294129 0.0156705 123.394 -0.00313362 0.99992 0.0122631 0.94951 -0.0156332 -0.0123107 0.999802 0.714927
0.99988 0.0040766 0.0149128 124.726 -0.00426767 0.999909 0.012803 0.952741 -0.0148593 -0.0128651 0.999807 0.712247
0.999887 0.0051053 0.0141552 126.058 -0.00530058 0.999891 0.013792 0.954219 -0.0140832 -0.0138655 0.999805 0.71199
0.999883 0.00602691 0.0140716 127.408 -0.00622181 0.999885 0.0138479 0.957321 -0.0139865 -0.0139339 0.999805 0.709855
0.999865 0.00697421 0.014879 128.761 -0.00717497 0.999883 0.0134821 0.956295 -0.0147832 -0.013587 0.999798 0.712823
0.999845 0.00769186 0.015815 130.098 -0.0079003 0.999882 0.0131601 0.951958 -0.0157119 -0.013283 0.999788 0.707821
0.999838 0.00798141 0.0161128 131.444 -0.00815836 0.999907 0.0109462 0.947143 -0.0160239 -0.0110759 0.99981 0.70812
0.999835 0.00796191 0.0163526 132.783 -0.00811714 0.999922 0.00944879 0.948671 -0.0162761 -0.00957996 0.999822 0.705629
0.999825 0.00771962 0.0170506 134.119 -0.00785866 0.999936 0.00810272 0.941444 -0.016987 -0.00823529 0.999822 0.701904
0.999828 0.00711979 0.0171326 135.468 -0.00722711 0.999955 0.00621013 0.935798 -0.0170876 -0.00633288 0.999834 0.702388
0.999832 0.0062077 0.0172192 136.811 -0.00630303 0.999965 0.00548774 0.935095 -0.0171846 -0.00559536 0.999837 0.698915
0.99983 0.00496852 0.017781 138.153 -0.00503636 0.99998 0.00377268 0.927252 -0.0177619 -0.00386158 0.999835 0.698137
0.999825 0.00385308 0.0182929 139.492 -0.00388466 0.999991 0.00169096 0.924134 -0.0182862 -0.00176172 0.999831 0.691861
0.999829 0.00261733 0.0182836 140.83 -0.00263259 0.999996 0.000810363 0.923446 -0.0182814 -0.000858358 0.999833 0.688857
0.999839 0.00139214 0.0179103 142.19 -0.0013933 0.999999 5.20462e-05 0.927121 -0.0179103 -7.69923e-05 0.99984 0.685823
0.999847 0.000282761 0.0174706 143.534 -0.000264392 0.999999 -0.0010537 0.933997 -0.0174708 0.00104892 0.999847 0.671822
0.999881 -0.000638713 0.0154314 144.883 0.000675468 0.999997 -0.00237672 0.932684 -0.0154298 0.00238686 0.999878 0.671517
0.999889 -0.00146109 0.0148449 146.217 0.00156429 0.999975 -0.00694296 0.935292 -0.0148343 0.0069654 0.999866 0.672637
0.999856 -0.00238552 0.0167755 147.563 0.00257742 0.999931 -0.0114266 0.929294 -0.0167471 0.0114682 0.999794 0.670489
0.999824 -0.00376107 0.0183641 148.904 0.00416105 0.999754 -0.0217913 0.918009 -0.0182776 0.0218639 0.999594 0.65365
0.999855 -0.00503164 0.0162641 150.251 0.00544333 0.999663 -0.0253688 0.922595 -0.016131 0.0254537 0.999546 0.662825
0.999899 -0.00490535 0.0133235 151.559 0.00524266 0.999664 -0.0254015 0.926393 -0.0131944 0.0254688 0.999589 0.668277
0.999929 -0.00426287 0.0111555 152.911 0.00449696 0.999768 -0.0210434 0.941262 -0.0110632 0.021092 0.999716 0.673977
0.999934 -0.00338882 0.0110178 154.238 0.00359413 0.999819 -0.0186688 0.951192 -0.0109526 0.0187072 0.999765 0.687308
0.999904 -0.00249839 0.0135988 155.59 0.0027616 0.999809 -0.0193709 0.961944 -0.0135478 0.0194066 0.99972 0.689141
0.999863 -0.00190021 0.0164468 156.935 0.00231086 0.999685 -0.0249857 0.957924 -0.0163941 0.0250203 0.999553 0.686038
0.999836 -0.00180685 0.0180357 158.272 0.00234177 0.999557 -0.0296822 0.952957 -0.0179741 0.0297195 0.999397 0.684465
0.999829 -0.00171806 0.0184193 159.629 0.00230979 0.99948 -0.0321526 0.958511 -0.0183545 0.0321896 0.999313 0.687644
0.999817 -0.00098015 0.019126 160.981 0.00155939 0.99954 -0.0302941 0.964442 -0.0190875 0.0303183 0.999358 0.679776
0.999824 4.35456e-05 0.0187735 162.316 0.000487105 0.9996 -0.0282604 0.973384 -0.0187673 0.0282645 0.999424 0.67095
0.999854 0.000744988 0.0170866 163.676 -0.000312088 0.999679 -0.0253243 0.98726 -0.0171 0.0253153 0.999533 0.664495
0.999868 0.00149358 0.0161905 165.035 -0.00112947 0.999747 -0.0224749 0.997895 -0.01622 0.0224537 0.999616 0.655096
0.999851 0.00185806 0.0171783 166.396 -0.00150252 0.999785 -0.0206866 1.00557 -0.0172131 0.0206577 0.999638 0.645438
0.999851 0.00185417 0.0171425 167.751 -0.00150983 0.999797 -0.0200783 1.00731 -0.0171763 0.0200494 0.999651 0.637468
0.999885 0.00111966 0.0151113 169.116 -0.000817964 0.999801 -0.0199563 1.01997 -0.0151306 0.0199416 0.999687 0.628954
0.999921 0.000571155 0.0125589 170.472 -0.000368211 0.999869 -0.0161558 1.02993 -0.0125665 0.0161499 0.999791 0.629844
0.999934 0.000252288 0.0114738 171.831 -0.000142674 0.999954 -0.00955319 1.04108 -0.0114757 0.00955092 0.999889 0.639858
0.999926 0.000306545 0.0121321 173.195 -0.000249019 0.999989 -0.00474285 1.05509 -0.0121334 0.00473948 0.999915 0.638275
0.999902 0.000821589 0.0139894 174.563 -0.000808587 0.999999 -0.000935059 1.06806 -0.0139901 0.000923656 0.999902 0.636875
0.999871 0.000902676 0.01604 175.95 -0.000898893 1 -0.000243014 1.07718 -0.0160402 0.000228565 0.999871 0.63302
0.999853 0.000240206 0.0171663 177.345 -0.000205533 0.999998 -0.00202153 1.07683 -0.0171668 0.00201771 0.999851 0.631424
0.999851 -0.00125228 0.0172231 178.746 0.0013379 0.999987 -0.00496108 1.08829 -0.0172166 0.00498338 0.999839 0.620686
0.999897 -0.00311793 0.0139919 180.14 0.00321229 0.999972 -0.00672656 1.08739 -0.0139705 0.00677081 0.999879 0.626419
0.999938 -0.00475671 0.0100845 181.558 0.00480018 0.999979 -0.00429018 1.10256 -0.0100639 0.00433832 0.99994 0.629017
0.999945 -0.00565905 0.00886953 182.953 0.00565694 0.999984 0.000263003 1.12525 -0.00887088 -0.000212814 0.999961 0.628776
0.999935 -0.00598365 0.00973077 184.354 0.00593656 0.999971 0.00486108 1.1453 -0.00975957 -0.004803 0.999941 0.632155
0.999903 -0.00597243 0.0125672 185.751 0.00588088 0.999956 0.00730924 1.16089 -0.0126103 -0.00723463 0.999894 0.629141
0.99987 -0.00565923 0.0150881 187.142 0.00555098 0.999959 0.00720679 1.17622 -0.0151283 -0.0071221 0.99986 0.625511
0.999857 -0.0054104 0.0159959 188.535 0.00531183 0.999967 0.00619805 1.19409 -0.0160289 -0.0061122 0.999853 0.613996
0.999848 -0.00539499 0.0165589 189.95 0.00531441 0.999974 0.00490615 1.20628 -0.0165849 -0.00481741 0.999851 0.61382
0.999839 -0.00537149 0.0171093 191.345 0.00533563 0.999983 0.00214094 1.20908 -0.0171205 -0.0020493 0.999851 0.608955
0.999834 -0.00509403 0.0174774 192.741 0.00508793 0.999987 0.000393572 1.21764 -0.0174791 -0.000304583 0.999847 0.608967
0.999823 -0.00464746 0.0182165 194.152 0.00470096 0.999985 -0.00289526 1.22467 -0.0182028 0.00298038 0.99983 0.595569
0.999797 -0.00420118 0.0197159 195.592 0.00432555 0.999971 -0.00626931 1.22958 -0.019689 0.00635332 0.999786 0.593371
0.999792 -0.00396254 0.020013 197.024 0.00416788 0.999939 -0.0102292 1.23889 -0.0199713 0.0103105 0.999747 0.581435
0.999855 -0.00383654 0.0166079 198.445 0.00398909 0.99995 -0.00916243 1.24401 -0.0165719 0.00922735 0.99982 0.584941
0.999924 -0.00357699 0.0117931 199.877 0.00361928 0.999987 -0.00356689 1.27157 -0.0117802 0.0036093 0.999924 0.585934
0.999933 -0.00266338 0.0112386 201.314 0.00259159 0.999976 0.00639783 1.29121 -0.0112554 -0.00636827 0.999916 0.581106
0.999895 -0.00167873 0.0144024 202.755 0.0014662 0.99989 0.0147541 1.32573 -0.0144256 -0.0147315 0.999787 0.571393
0.999862 -0.000690409 0.016582 204.222 0.000425886 0.999873 0.0159506 1.33962 -0.0165909 -0.0159414 0.999735 0.560973
0.99985 -0.00106957 0.0172773 205.672 0.000822713 0.999898 0.014289 1.34589 -0.0172908 -0.0142727 0.999749 0.551309
0.99985 -0.00215283 0.0171864 207.128 0.00195989 0.999935 0.0112352 1.34596 -0.0172095 -0.0111998 0.999789 0.543203
0.999852 -0.00335277 0.0168996 208.58 0.00320308 0.999955 0.00887712 1.35022 -0.0169286 -0.00882167 0.999818 0.542611
0.999857 -0.00409011 0.0163836 210.035 0.00393972 0.99995 0.00920086 1.35948 -0.0164204 -0.009135 0.999823 0.537417
0.999853 -0.00428918 0.0166054 211.515 0.00410044 0.999927 0.0113834 1.37532 -0.016653 -0.0113136 0.999797 0.536802
0.99984 -0.00459976 0.0172771 212.973 0.00437815 0.999908 0.0128424 1.39061 -0.0173346 -0.0127647 0.999768 0.52898
0.999839 -0.00498569 0.0172487 214.43 0.00478401 0.99992 0.011714 1.40171 -0.0173057 -0.0116296 0.999783 0.522151
0.999852 -0.00531144 0.0163763 215.892 0.00512609 0.999923 0.0113392 1.41742 -0.0164352 -0.0112536 0.999802 0.518872
0.999856 -0.00560797 0.0159966 217.354 0.00543405 0.999926 0.010895 1.4279 -0.0160565 -0.0108065 0.999813 0.513577
0.999853 -0.00608937 0.0159991 218.826 0.00590233 0.999914 0.0117119 1.44188 -0.0160691 -0.0116158 0.999803 0.511649
0.999851 -0.00643549 0.0160078 220.318 0.00624997 0.999913 0.0116123 1.45499 -0.0160811 -0.0115105 0.999804 0.504946
0.999855 -0.00664647 0.0157072 221.801 0.00646236 0.99991 0.0117428 1.46927 -0.0157839 -0.0116396 0.999808 0.503846
0.999852 -0.00711892 0.0156334 223.279 0.00691703 0.999892 0.0129303 1.48085 -0.0157238 -0.0128202 0.999794 0.50016
0.999851 -0.00745159 0.0155603 224.758 0.0072622 0.999899 0.0121927 1.50074 -0.0156496 -0.0120779 0.999805 0.492841
0.999846 -0.00782438 0.0156785 226.242 0.00762381 0.999889 0.0128114 1.51972 -0.015777 -0.0126899 0.999795 0.489567
0.999847 -0.00789052 0.0156265 227.722 0.00768761 0.999886 0.0130028 1.5402 -0.0157274 -0.0128807 0.999793 0.48902
0.999846 -0.00793079 0.0156234 229.208 0.00774571 0.9999 0.0118714 1.55577 -0.0157159 -0.0117485 0.999807 0.481742
0.999844 -0.00774977 0.0158794 230.72 0.00757045 0.999907 0.0113221 1.57373 -0.0159656 -0.0112001 0.99981 0.480904
0.999831 -0.00768134 0.0166737 232.218 0.00750783 0.999917 0.0104439 1.5811 -0.0167526 -0.010317 0.999806 0.480837
0.999821 -0.00793862 0.017167 233.716 0.00777146 0.999922 0.00978234 1.60274 -0.0172433 -0.00964717 0.999805 0.474684
0.999822 -0.00793805 0.0171327 235.213 0.00776852 0.99992 0.00993874 1.62337 -0.0172102 -0.00980387 0.999804 0.469443
0.99983 -0.00773799 0.0167116 236.703 0.00756145 0.999915 0.0106017 1.63879 -0.0167923 -0.0104736 0.999804 0.464305
0.999824 -0.00757656 0.0171869 238.22 0.0073597 0.999893 0.0126462 1.65954 -0.0172809 -0.0125175 0.999772 0.462445
0.99979 -0.00719959 0.0191671 239.73 0.00695641 0.999895 0.0127239 1.68108 -0.0192567 -0.0125879 0.999735 0.450407
0.99978 -0.00675299 0.0198393 241.247 0.00652421 0.999912 0.011574 1.7018 -0.0199157 -0.011442 0.999736 0.442469
0.999804 -0.00616096 0.0188401 242.766 0.00593482 0.99991 0.0120357 1.72348 -0.0189126 -0.0119215 0.99975 0.434148
0.999833 -0.00568244 0.0173844 244.28 0.00547001 0.99991 0.0122428 1.73833 -0.0174524 -0.0121456 0.999774 0.425799
0.99983 -0.00546885 0.017603 245.807 0.00523495 0.999898 0.0133058 1.75534 -0.0176739 -0.0132114 0.999757 0.415413
0.999809 -0.00555603 0.0187198 247.339 0.00529891 0.999891 0.0137573 1.77112 -0.0187942 -0.0136555 0.99973 0.408531
0.999792 -0.00569761 0.0195627 248.856 0.0054388 0.999897 0.0132575 1.78574 -0.0196363 -0.0131484 0.999721 0.402084
0.999786 -0.00608579 0.0197751 250.385 0.00582059 0.999893 0.0134409 1.79901 -0.0198548 -0.0133229 0.999714 0.392903
0.99978 -0.00632003 0.0200006 251.926 0.00602851 0.999875 0.0146025 1.81557 -0.0200904 -0.0144787 0.999693 0.383466
0.999775 -0.00623935 0.020278 253.449 0.00593278 0.999868 0.0151439 1.83283 -0.0203698 -0.0150202 0.99968 0.374687
0.999773 -0.00614272 0.0203898 254.995 0.00581235 0.999852 0.0162223 1.84231 -0.0204864 -0.0161001 0.99966 0.359275
0.99977 -0.00622897 0.0205298 256.523 0.00592073 0.999869 0.015041 1.85943 -0.0206208 -0.014916 0.999676 0.35401
0.99975 -0.00651979 0.0213928 258.061 0.00622119 0.999883 0.0139947 1.87411 -0.0214815 -0.0138581 0.999673 0.338997
0.99973 -0.00630608 0.0223832 259.594 0.00606807 0.999924 0.0106854 1.88335 -0.0224489 -0.0105467 0.999692 0.332937
0.999741 -0.00672714 0.0217512 261.135 0.00653833 0.99994 0.00873993 1.89351 -0.0218087 -0.00859545 0.999725 0.321295
0.999755 -0.00691032 0.0210177 262.671 0.006739 0.999944 0.00821123 1.91078 -0.0210733 -0.00806758 0.999745 0.313961
0.999725 -0.0064391 0.0225422 264.198 0.00627468 0.999953 0.00735712 1.92623 -0.0225885 -0.00721366 0.999719 0.302044
0.999683 -0.00614521 0.0244 265.736 0.00603575 0.999971 0.00455723 1.93633 -0.0244273 -0.00440851 0.999692 0.280743
0.999688 -0.00611013 0.0242237 267.273 0.0060364 0.999977 0.00311561 1.94654 -0.0242421 -0.00296842 0.999702 0.271827
0.999709 -0.00588531 0.0234014 268.801 0.00584566 0.999981 0.00176218 1.95825 -0.0234113 -0.00162488 0.999725 0.258548
0.99972 -0.00520148 0.0230951 270.329 0.00512622 0.999981 0.00331653 1.98127 -0.0231119 -0.00319721 0.999728 0.244066
0.99972 -0.00435805 0.023274 271.868 0.00424203 0.999978 0.00503199 1.99371 -0.0232954 -0.00493186 0.999716 0.231745
0.999731 -0.00350383 0.0229364 273.392 0.00336311 0.999975 0.00617069 2.00966 -0.0229575 -0.00609189 0.999718 0.217872
0.999732 -0.00286476 0.0229892 274.944 0.00268581 0.999966 0.00781105 2.02632 -0.0230108 -0.00774721 0.999705 0.206458
0.999738 -0.00195894 0.0227928 276.488 0.00177437 0.999965 0.00811534 2.04604 -0.0228079 -0.00807278 0.999707 0.18953
0.999753 -0.00111193 0.0222109 278.022 0.000924616 0.999964 0.00844182 2.05601 -0.0222195 -0.00841919 0.999718 0.175069
0.999758 -0.000258839 0.0219946 279.57 7.79452e-05 0.999966 0.00822494 2.0646 -0.021996 -0.00822124 0.999724 0.16497
0.999755 0.000452474 0.0221419 281.123 -0.000629738 0.999968 0.00799948 2.0813 -0.0221375 -0.00801147 0.999723 0.152521
0.999733 0.000784257 0.0231088 282.668 -0.000947678 0.999975 0.00706174 2.08755 -0.0231027 -0.00708175 0.999708 0.138259
0.999722 0.00133282 0.0235309 284.216 -0.00145095 0.999986 0.00500377 2.08611 -0.0235239 -0.00503653 0.999711 0.125259
0.999765 0.00135658 0.0216468 285.767 -0.00144143 0.999991 0.00390474 2.0961 -0.0216414 -0.00393503 0.999758 0.117677
0.999807 0.001291 0.0195993 287.311 -0.00138014 0.999989 0.00453512 2.09586 -0.0195932 -0.00456129 0.999798 0.105584
0.999812 0.000326582 0.0193986 288.863 -0.000415609 0.999989 0.00458546 2.10515 -0.0193969 -0.00459265 0.999801 0.090873
0.999812 -0.000267979 0.0193925 290.417 0.000204057 0.999995 0.00329813 2.10824 -0.0193933 -0.00329355 0.999807 0.0802693
0.999818 -0.00140697 0.0190087 291.97 0.00135281 0.999995 0.00286176 2.11522 -0.0190127 -0.00283553 0.999815 0.0757108
0.999818 -0.00225467 0.0189666 293.526 0.00218676 0.999991 0.00360039 2.12693 -0.0189745 -0.00355825 0.999814 0.0657046
0.999814 -0.00292114 0.0190772 295.096 0.00285568 0.99999 0.00345789 2.14246 -0.0190871 -0.00340276 0.999812 0.0511224
0.999806 -0.00376876 0.0193244 296.647 0.00370432 0.999987 0.00336936 2.1453 -0.0193368 -0.00329712 0.999808 0.0449463
0.999774 -0.00480219 0.0206978 298.208 0.00473188 0.999983 0.00344452 2.1579 -0.020714 -0.0033458 0.99978 0.0330404
0.999735 -0.0056311 0.0223142 299.792 0.00553904 0.999976 0.00418522 2.17752 -0.0223372 -0.00406051 0.999742 0.0209734
0.99973 -0.00521852 0.0226234 301.363 0.00511887 0.999977 0.00446025 2.18546 -0.0226462 -0.00434324 0.999734 0.00426904
0.999738 -0.00421393 0.0225125 302.948 0.0040961 0.999978 0.00527726 2.203 -0.0225342 -0.00518366 0.999733 -0.0117293
0.999738 -0.00379513 0.0225752 304.532 0.00369807 0.999984 0.00433959 2.21547 -0.0225913 -0.00425497 0.999736 -0.0295273
0.99976 -0.00352002 0.0216228 306.131 0.00347129 0.999991 0.00229084 2.21881 -0.0216307 -0.00221523 0.999764 -0.0487109
0.999795 -0.00300734 0.0200407 307.739 0.00299275 0.999995 0.000758243 2.22092 -0.0200429 -0.000698111 0.999799 -0.0545764
0.999817 -0.00270817 0.0189633 309.328 0.00269642 0.999996 0.000645054 2.22878 -0.018965 -0.000593802 0.99982 -0.0691653
0.999826 -0.0044152 0.0181159 310.935 0.00440215 0.99999 0.000760155 2.24483 -0.018119 -0.000680274 0.999836 -0.0764756
0.999805 -0.00660293 0.0186168 312.557 0.00656261 0.999976 0.00222641 2.25513 -0.018631 -0.0021038 0.999824 -0.0875656
0.999741 -0.00738655 0.0215366 314.178 0.00730824 0.999966 0.00371283 2.27988 -0.0215633 -0.00355448 0.999761 -0.108798
0.999668 -0.00714031 0.0247564 315.82 0.00709131 0.999973 0.00206646 2.29231 -0.0247705 -0.00189022 0.999691 -0.126756
0.999644 -0.00695102 0.025768 317.457 0.00692248 0.999975 0.00119677 2.30798 -0.0257757 -0.00101796 0.999667 -0.145779
0.999666 -0.00673386 0.0249673 319.081 0.00673074 0.999977 0.000208826 2.31754 -0.0249681 -4.07082e-05 0.999688 -0.158223
0.99967 -0.00650643 0.0248549 320.705 0.00651302 0.999979 -0.000184417 2.33467 -0.0248532 0.000346236 0.999691 -0.179083
0.999662 -0.00609441 0.0252929 322.335 0.00611065 0.999981 -0.000564905 2.35322 -0.025289 0.00071927 0.99968 -0.19737
0.999658 -0.00580189 0.0255126 323.966 0.00581272 0.999983 -0.000350292 2.36695 -0.0255102 0.00049847 0.999674 -0.208649
0.999679 -0.00544586 0.0247423 325.595 0.00542182 0.999985 0.00103846 2.37939 -0.0247476 -0.000903981 0.999693 -0.225386
0.999696 -0.00491311 0.0241611 327.223 0.00487292 0.999987 0.00172181 2.40139 -0.0241692 -0.00160355 0.999707 -0.24168
0.99966 -0.0040278 0.0257486 328.855 0.00400437 0.999992 0.000961365 2.41274 -0.0257523 -0.000857931 0.999668 -0.264536
0.999633 -0.00407469 0.0267893 330.488 0.00408202 0.999992 -0.000218933 2.41708 -0.0267882 0.000328207 0.999641 -0.283129
0.999651 -0.00439815 0.0260383 332.109 0.00442875 0.99999 -0.0011178 2.42652 -0.0260331 0.00123273 0.99966 -0.296987
0.999647 -0.00431894 0.0262253 333.72 0.00432167 0.999991 -4.73972e-05 2.44259 -0.0262248 0.000160717 0.999656 -0.299636
0.99969 -0.0047325 0.0244507 335.343 0.00470667 0.999988 0.00111366 2.45374 -0.0244557 -0.000998237 0.9997 -0.332217
0.999743 -0.00537093 0.0220158 336.954 0.00530092 0.999981 0.0032371 2.46761 -0.0220327 -0.00311956 0.999752 -0.338429
0.99973 -0.00614026 0.0224294 338.57 0.00604225 0.999972 0.00443488 2.48795 -0.022456 -0.00429816 0.999739 -0.352948
0.999654 -0.00724579 0.025267 340.188 0.00711791 0.999961 0.0051474 2.5097 -0.0253034 -0.00496578 0.999667 -0.368938
0.999571 -0.00836407 0.0280799 341.805 0.00819184 0.999947 0.00624307 2.52162 -0.0281307 -0.00601037 0.999586 -0.391089
0.999576 -0.00974787 0.0274265 343.415 0.00956956 0.999932 0.00662493 2.54402 -0.0274892 -0.00635966 0.999602 -0.410611
0.999588 -0.0115352 0.026291 345.011 0.0113752 0.999916 0.00622833 2.56848 -0.0263607 -0.00592669 0.999635 -0.430404
0.99954 -0.0133975 0.0271977 346.624 0.013264 0.999899 0.00508323 2.59641 -0.0272631 -0.00472014 0.999617 -0.453694
0.999503 -0.0143249 0.0280664 348.219 0.0142289 0.999892 0.0036167 2.61726 -0.0281152 -0.00321555 0.9996 -0.465651
0.99951 -0.0147894 0.0275716 349.814 0.014708 0.999887 0.00315311 2.64219 -0.0276151 -0.00274604 0.999615 -0.482434
0.999525 -0.0152029 0.0268195 351.403 0.0151333 0.999882 0.0027946 2.66864 -0.0268588 -0.00238741 0.999636 -0.499599
0.999523 -0.0154154 0.0267488 352.998 0.0153514 0.999879 0.0025965 2.698 -0.0267856 -0.00218463 0.999639 -0.522993
0.999524 -0.0153719 0.0267602 354.602 0.0153231 0.999881 0.00202512 2.72662 -0.0267882 -0.0016141 0.99964 -0.538533
0.999535 -0.0154338 0.0262918 356.19 0.0154058 0.999881 0.00126803 2.75612 -0.0263083 -0.00086239 0.999654 -0.55161
0.999541 -0.0159238 0.0257711 357.778 0.0158996 0.999873 0.0011434 2.78655 -0.025786 -0.000733123 0.999667 -0.565479
0.99954 -0.0157378 0.0259155 359.371 0.0157247 0.999876 0.000711712 2.82261 -0.0259235 -0.000303871 0.999664 -0.584101
0.999556 -0.0157912 0.0252548 360.968 0.0157802 0.999875 0.000636383 2.85234 -0.0252617 -0.000237575 0.999681 -0.606778
0.999575 -0.0159095 0.0244326 362.552 0.0159202 0.999873 -0.000241878 2.87977 -0.0244256 0.000630747 0.999701 -0.620256
0.999552 -0.0158441 0.0253948 364.145 0.0158867 0.999873 -0.00147515 2.91304 -0.0253681 0.00187793 0.999676 -0.646053
0.99952 -0.015666 0.026737 365.739 0.0157696 0.999869 -0.00366548 2.94238 -0.0266761 0.00408535 0.999636 -0.656538
0.999528 -0.0158746 0.0263095 367.326 0.0159935 0.999863 -0.00431653 2.96965 -0.0262374 0.00473528 0.999645 -0.672856
0.999538 -0.0157192 0.0260105 368.917 0.0157989 0.999871 -0.00285932 3.00037 -0.0259622 0.00326893 0.999658 -0.687378
0.999525 -0.0154381 0.0266667 370.515 0.0154693 0.99988 -0.000962965 3.03936 -0.0266486 0.00137502 0.999644 -0.707141
0.999512 -0.0149006 0.0274613 372.114 0.0149085 0.999889 -7.9741e-05 3.06475 -0.0274571 0.000489108 0.999623 -0.730168
0.999524 -0.0145288 0.0272187 373.719 0.0145379 0.999894 -0.00013451 3.09625 -0.0272139 0.000530148 0.999629 -0.753796
0.999537 -0.0144977 0.0267557 375.325 0.0145068 0.999895 -0.000147395 3.12621 -0.0267508 0.000535467 0.999642 -0.770897
0.999546 -0.014236 0.0265493 376.925 0.0142305 0.999899 0.000393965 3.15271 -0.0265522 -1.59763e-05 0.999647 -0.797056
0.99955 -0.0140245 0.0265012 378.543 0.0140039 0.999901 0.000962983 3.18233 -0.0265121 -0.000591429 0.999648 -0.814678
0.999544 -0.0137323 0.0268864 380.15 0.0136736 0.999904 0.00236632 3.21863 -0.0269163 -0.00199761 0.999636 -0.831734
0.999543 -0.013484 0.0270552 381.762 0.0133942 0.999904 0.00349814 3.24327 -0.0270998 -0.00313416 0.999628 -0.851611
0.99955 -0.0134521 0.0268158 383.38 0.0133393 0.999901 0.00438332 3.2813 -0.0268721 -0.00402364 0.999631 -0.870734
0.999568 -0.0129832 0.0263828 384.996 0.0128432 0.999903 0.00546934 3.30418 -0.0264512 -0.00512813 0.999637 -0.891224
0.999567 -0.0127444 0.0265387 386.626 0.0125595 0.999896 0.00712008 3.33328 -0.0266267 -0.00678368 0.999622 -0.910079
0.99955 -0.0123463 0.0273216 388.252 0.0121128 0.999889 0.00869631 3.36562 -0.0274259 -0.00836146 0.999589 -0.931508
0.999539 -0.0122817 0.0277541 389.88 0.0120219 0.999883 0.00950504 3.38604 -0.0278676 -0.009167 0.99957 -0.951611
0.999548 -0.0120738 0.0275392 391.512 0.0118095 0.999883 0.00973787 3.41766 -0.0276536 -0.00940824 0.999573 -0.976074
0.999538 -0.011875 0.027969 393.138 0.0115791 0.999875 0.0107205 3.44048 -0.0280928 -0.0103917 0.999551 -0.999152
0.99953 -0.0115931 0.0283938 394.764 0.0113052 0.999883 0.0102801 3.46045 -0.0285097 -0.00995424 0.999544 -1.02191
0.999548 -0.0113307 0.0278581 396.392 0.0110668 0.999893 0.00960789 3.49041 -0.0279639 -0.00929524 0.999566 -1.04486
0.999571 -0.0111485 0.0270982 398.03 0.0108804 0.999891 0.0100232 3.5111 -0.027207 -0.00972401 0.999583 -1.06626
0.999569 -0.0110756 0.0271732 399.665 0.0108019 0.99989 0.0101977 3.5362 -0.0272832 -0.00989978 0.999579 -1.08532
0.999533 -0.0107596 0.0286144 401.303 0.0104753 0.999894 0.0100673 3.56495 -0.0287197 -0.00976282 0.99954 -1.11119
0.999489 -0.0104742 0.0302048 402.936 0.0102381 0.999916 0.0079605 3.58507 -0.0302856 -0.00764719 0.999512 -1.13403
0.999507 -0.01014 0.0297221 404.563 0.00998114 0.999935 0.0054893 3.60105 -0.0297759 -0.00518993 0.999543 -1.15497
0.999524 -0.00989884 0.0292205 406.198 0.00977708 0.999943 0.00430687 3.6195 -0.0292614 -0.00401913 0.999564 -1.1749
