1 -2.15448e-15 2.29161e-10 -1.26149e-17 2.15448e-15 1 -7.88325e-11 -1.5546e-18 -2.29161e-10 7.88325e-11 1 -2.27613e-12
0.999998 -0.00201722 -0.000414307 0.562161 0.0020164 0.999996 -0.00196037 0.00443764 0.00041826 0.00195953 0.999998 0.0138775
0.999994 -0.00322623 -0.001552 1.12534 0.00322206 0.999991 -0.00268432 0.00451058 0.00156065 0.0026793 0.999995 0.027584
0.999984 -0.00488924 -0.00270727 1.69262 0.0048811 0.999984 -0.00300506 0.00879728 0.00272192 0.0029918 0.999992 0.0362224
0.999969 -0.00675304 -0.00405375 2.23887 0.00673388 0.999966 -0.00472259 0.0103773 0.0040855 0.00469515 0.999981 0.043907
0.999946 -0.00868038 -0.00562867 2.80068 0.00863993 0.999937 -0.00717097 0.0132668 0.00569057 0.00712196 0.999958 0.0571632
0.99993 -0.0100357 -0.00622058 3.36708 0.0099834 0.999915 -0.00838212 0.0202769 0.00630418 0.00831943 0.999946 0.0672152
0.999921 -0.0113178 -0.00547695 3.94433 0.0112697 0.999898 -0.00873309 0.0271091 0.00557524 0.00867067 0.999947 0.0783023
0.999904 -0.0127047 -0.00551759 4.52983 0.0126549 0.99988 -0.00896781 0.0314961 0.00563086 0.00889712 0.999945 0.0906301
0.99988 -0.0135573 -0.00755533 5.11982 0.0134908 0.99987 -0.00878272 0.0415177 0.00767343 0.00867974 0.999933 0.106802
0.999834 -0.0148247 -0.0105956 5.71994 0.0147444 0.999862 -0.00761182 0.0578993 0.010707 0.00745433 0.999915 0.124092
0.999768 -0.0162046 -0.014213 6.33011 0.0161194 0.999852 -0.00608938 0.0784108 0.0143095 0.00585886 0.99988 0.133505
0.99975 -0.0172848 -0.0141689 6.94255 0.0172276 0.999843 -0.00415031 0.0916832 0.0142384 0.00390518 0.999891 0.149366
0.999794 -0.0186074 -0.00809641 7.58743 0.0185937 0.999826 -0.00177521 0.115413 0.00812803 0.0016243 0.999966 0.157355
0.999809 -0.0194059 0.00217398 8.2476 0.0194076 0.999811 -0.000761887 0.124252 -0.00215879 0.000803933 0.999997 0.162783
0.99975 -0.0203601 0.00928223 8.92063 0.0203641 0.999793 -0.000337704 0.145825 -0.00927343 0.000526644 0.999957 0.176118
0.999715 -0.0217789 0.00978828 9.59894 0.0217712 0.999763 0.000900877 0.161531 -0.00980557 -0.000687519 0.999952 0.190932
0.999739 -0.0225726 0.00341542 10.2895 0.0225621 0.999741 0.00309086 0.183342 -0.0034843 -0.003013 0.999989 0.192964
0.999717 -0.0236498 -0.00260807 10.9908 0.0236584 0.999715 0.00329117 0.204049 0.00252949 -0.00335194 0.999991 0.184543
0.999689 -0.02487 -0.00190565 11.7242 0.024874 0.999688 0.00212051 0.229604 0.00185232 -0.00216725 0.999996 0.182749
0.999652 -0.0255099 0.00675397 12.4853 0.0255018 0.999674 0.00128088 0.250956 -0.00678444 -0.00110819 0.999976 0.188177
0.99955 -0.0260624 0.0148805 13.2583 0.0260609 0.99966 0.000299153 0.272944 -0.0148832 8.87795e-05 0.999889 0.18589
0.999472 -0.0269141 0.0181942 14.0484 0.026938 0.999637 -0.00106753 0.289464 -0.0181589 0.00155708 0.999834 0.183161
0.999468 -0.0271667 0.0180458 14.8536 0.0272328 0.999623 -0.00342459 0.310927 -0.017946 0.00391421 0.999831 0.176738
0.99951 -0.0267828 0.0161803 15.6601 0.026855 0.99963 -0.00425741 0.330964 -0.0160603 0.00468985 0.99986 0.173338
0.99957 -0.0262911 0.0129961 16.4851 0.0263265 0.99965 -0.00256346 0.357153 -0.0129241 0.0029045 0.999912 0.158576
0.99965 -0.0253011 0.0077907 17.3288 0.0253367 0.999669 -0.00450683 0.380862 -0.00767409 0.00470264 0.999959 0.152633
0.999696 -0.024588 0.0020459 18.1869 0.0246019 0.999672 -0.0070986 0.396148 -0.00187069 0.00714677 0.999973 0.157374
0.999716 -0.0236573 -0.00271445 19.0832 0.0236367 0.999693 -0.0073857 0.424545 0.00288835 0.00731944 0.999969 0.165499
0.999719 -0.0233571 -0.00414793 19.9834 0.0233382 0.999717 -0.00455913 0.454384 0.00425324 0.00446105 0.999981 0.169634
0.999714 -0.0236747 -0.00343909 20.9081 0.0236592 0.99971 -0.004477 0.482425 0.00354408 0.00439436 0.999984 0.182194
0.999714 -0.0235947 -0.00396928 21.8254 0.0235773 0.999712 -0.00438535 0.517599 0.00407161 0.00429051 0.999983 0.191313
0.999708 -0.0234839 -0.005735 22.7673 0.0234729 0.999722 -0.00198859 0.544502 0.00578011 0.00185339 0.999982 0.203042
0.999701 -0.0235459 -0.00655464 23.7234 0.0235602 0.99972 0.00211277 0.579118 0.00650306 -0.00226657 0.999976 0.218256
0.9997 -0.0236457 -0.00642648 24.6893 0.0236716 0.999712 0.00398328 0.611537 0.00633044 -0.00413421 0.999971 0.232861
0.999698 -0.0237613 -0.00632836 25.6603 0.0237924 0.999705 0.00488958 0.640538 0.00621031 -0.00503866 0.999968 0.246107
0.999694 -0.023987 -0.00602039 26.6416 0.024019 0.999697 0.00530372 0.666402 0.00589135 -0.00544671 0.999968 0.263218
0.999691 -0.0244007 -0.00484225 27.637 0.0244289 0.999684 0.00584993 0.700597 0.00469798 -0.00596641 0.999971 0.277855
0.999695 -0.0245388 -0.00267244 28.6348 0.0245563 0.999676 0.00669721 0.727212 0.00250723 -0.00676079 0.999974 0.291796
0.999689 -0.0248896 -0.00123211 29.6397 0.0248971 0.999669 0.0064971 0.752842 0.00106999 -0.00652576 0.999978 0.299039
0.99969 -0.0248266 -0.00165331 30.6493 0.0248361 0.999673 0.00603621 0.779953 0.00150291 -0.00607541 0.99998 0.317939
0.999679 -0.0252515 -0.00222753 31.6782 0.0252672 0.999654 0.00733686 0.814058 0.00204149 -0.00739078 0.999971 0.329901
0.999671 -0.0256009 -0.00153271 32.7224 0.0256125 0.999639 0.008105 0.84261 0.00132466 -0.00814159 0.999966 0.342203
0.999654 -0.0262829 0.00119213 33.7596 0.0262728 0.999624 0.0078596 0.871676 -0.00139826 -0.00782556 0.999968 0.35497
0.999629 -0.0268313 0.00474702 34.8195 0.0267941 0.999611 0.00773117 0.903983 -0.00495261 -0.00760111 0.999959 0.362817
0.999593 -0.0275478 0.00735438 35.8666 0.0274981 0.999599 0.0067764 0.92907 -0.00753811 -0.00657141 0.99995 0.371098
0.999568 -0.0281996 0.00833191 36.9372 0.0281488 0.999585 0.00615456 0.965518 -0.008502 -0.00591737 0.999946 0.377555
0.999564 -0.0285701 0.00748679 38.0053 0.0285333 0.99958 0.00497684 1.00324 -0.00762584 -0.00476104 0.99996 0.38253
0.999546 -0.0292676 0.00717296 39.0806 0.0292221 0.999553 0.00636465 1.04075 -0.00735603 -0.00615215 0.999954 0.38755
0.999514 -0.0300262 0.0083296 40.1507 0.029971 0.999528 0.00667265 1.07511 -0.00852603 -0.00641977 0.999943 0.390361
0.999468 -0.0308963 0.0104938 41.2229 0.0308238 0.9995 0.00699676 1.11369 -0.0107047 -0.00666958 0.99992 0.396597
0.999415 -0.031638 0.0129562 42.3119 0.0315602 0.999483 0.0061604 1.15157 -0.0131444 -0.0057479 0.999897 0.398152
0.999383 -0.0323878 0.0135755 43.3898 0.0323112 0.999461 0.00582186 1.19354 -0.0137567 -0.00537963 0.999891 0.401983
0.999399 -0.0329246 0.0108703 44.4544 0.0328588 0.999441 0.00618029 1.23674 -0.0110677 -0.00581939 0.999922 0.407504
0.999433 -0.0328996 0.00709505 45.5319 0.0328453 0.999431 0.00763922 1.27323 -0.00734234 -0.00740186 0.999946 0.414373
0.999439 -0.0328715 0.00638288 46.6113 0.0328 0.999401 0.0109926 1.32329 -0.0067404 -0.0107771 0.999919 0.417185
0.999425 -0.0327539 0.00877562 47.6878 0.0326617 0.999412 0.0104459 1.35842 -0.0091126 -0.0101533 0.999907 0.420123
0.999402 -0.03283 0.0108536 48.7688 0.032702 0.999396 0.0117647 1.39542 -0.0112333 -0.0114027 0.999872 0.42538
0.999386 -0.0328183 0.0122842 49.8525 0.0327012 0.999419 0.00961802 1.43451 -0.0125927 -0.00921041 0.999878 0.422478
0.999389 -0.0327763 0.0121024 50.9326 0.0326567 0.999417 0.00995059 1.47895 -0.0124215 -0.00954929 0.999877 0.428916
0.999418 -0.0322821 0.0110052 52.0104 0.0321931 0.999448 0.00816557 1.51372 -0.0112627 -0.00780653 0.999906 0.429592
0.999445 -0.0320883 0.00889491 53.0839 0.0320154 0.999454 0.00821623 1.55076 -0.00915369 -0.0079269 0.999927 0.431738
0.999468 -0.0319182 0.00674125 54.1558 0.0318699 0.999466 0.00715341 1.58694 -0.00696598 -0.00693476 0.999952 0.437532
0.999489 -0.0317343 0.00388346 55.2242 0.031714 0.999483 0.00520005 1.62335 -0.00404647 -0.00507423 0.999979 0.44658
0.999496 -0.0316451 0.00233017 56.3056 0.0316337 0.999488 0.00476924 1.66521 -0.0024799 -0.00469313 0.999986 0.461847
0.999496 -0.0314302 0.00435586 57.3775 0.0314084 0.999494 0.00498095 1.70153 -0.00451021 -0.00484163 0.999978 0.475193
0.999462 -0.0313393 0.0097192 58.4667 0.0312961 0.9995 0.00456476 1.73663 -0.00985739 -0.00425812 0.999942 0.478941
0.999391 -0.0310955 0.0158458 59.557 0.0310713 0.999516 0.00177099 1.77336 -0.0158932 -0.00127756 0.999873 0.476958
0.999355 -0.0313667 0.0174971 60.6377 0.031391 0.999507 -0.00111108 1.80465 -0.0174536 0.00165961 0.999846 0.48302
0.999402 -0.0310569 0.015181 61.7163 0.0311282 0.999505 -0.00447893 1.8386 -0.0150343 0.00494881 0.999875 0.479274
0.999449 -0.0309119 0.0120981 62.7936 0.0309943 0.999497 -0.00668225 1.87789 -0.0118854 0.00705354 0.999904 0.481246
0.999474 -0.0312261 0.0088042 63.8698 0.0312724 0.999498 -0.00517228 1.91812 -0.00863826 0.00544489 0.999948 0.489943
0.999502 -0.0311316 0.0051155 64.9575 0.0311559 0.999503 -0.00474461 1.95295 -0.00496525 0.00490163 0.999976 0.499319
0.999519 -0.0307522 0.00393939 66.0427 0.030758 0.999526 -0.00144157 2.00147 -0.00389319 0.00156205 0.999991 0.51002
0.999524 -0.0300306 0.00701107 67.1374 0.0300174 0.999547 0.00196767 2.03871 -0.00706699 -0.00175628 0.999973 0.511232
0.999505 -0.0300707 0.00921795 68.2277 0.0300441 0.999544 0.00300844 2.07967 -0.00930421 -0.00273001 0.999953 0.516896
0.999493 -0.0301928 0.0101436 69.3052 0.0301683 0.999542 0.00255616 2.12105 -0.0102161 -0.00224885 0.999945 0.520543
0.999477 -0.0303749 0.0111007 70.407 0.0303635 0.999538 0.00119354 2.15494 -0.0111319 -0.000855859 0.999938 0.524196
0.999455 -0.0305075 0.0126233 71.5002 0.0305079 0.999535 0.000166122 2.19292 -0.0126225 0.000219077 0.99992 0.529363
0.999411 -0.0309236 0.0148645 72.5858 0.0309472 0.99952 -0.00136068 2.22926 -0.0148153 0.0018199 0.999889 0.529241
0.999358 -0.0317018 0.0166871 73.6698 0.0317493 0.999493 -0.00258932 2.26379 -0.0165966 0.00311746 0.999857 0.530226
0.999343 -0.0324773 0.0160733 74.7617 0.0325438 0.999463 -0.00389736 2.29809 -0.0159381 0.00441789 0.999863 0.536952
0.999365 -0.0332276 0.0129023 75.8301 0.0332833 0.999437 -0.0041221 2.34256 -0.0127581 0.00454892 0.999908 0.539675
0.999371 -0.0337452 0.0108689 76.9045 0.0337748 0.999426 -0.0025574 2.38871 -0.0107763 0.00292289 0.999938 0.541741
0.999342 -0.0341663 0.012199 77.9785 0.0341829 0.999415 -0.00115075 2.43397 -0.0121526 0.00156699 0.999925 0.545202
0.999268 -0.0348301 0.015793 79.0499 0.0348321 0.999393 0.000143964 2.4782 -0.0157885 0.000406246 0.999875 0.549468
0.999172 -0.0353713 0.0200854 80.1237 0.0353495 0.999374 0.0014383 2.51647 -0.0201237 -0.000727098 0.999797 0.54862
0.999117 -0.0363 0.0211392 81.194 0.0362896 0.999341 0.000872349 2.56377 -0.021157 -0.000104443 0.999776 0.543514
0.999133 -0.036748 0.019584 82.2444 0.0367433 0.999325 0.000596701 2.60943 -0.0195927 0.000123399 0.999808 0.538694
0.999127 -0.0373824 0.0186531 83.3014 0.0373793 0.999301 0.000516652 2.65305 -0.0186594 0.00018104 0.999826 0.535315
0.999107 -0.0378714 0.0187605 84.3407 0.0378761 0.999282 0.000103528 2.69622 -0.018751 0.00060714 0.999824 0.529472
0.99908 -0.0383792 0.0191453 85.3674 0.0384017 0.999262 -0.000808031 2.73962 -0.0191001 0.0015425 0.999816 0.530935
0.999022 -0.0390335 0.0207494 86.3921 0.0390655 0.999236 -0.00113858 2.77899 -0.0206891 0.00194805 0.999784 0.530445
0.998943 -0.0396021 0.0233435 87.3846 0.0396638 0.999211 -0.00218359 2.8248 -0.0232386 0.00310718 0.999725 0.528507
0.998865 -0.0406562 0.024801 88.3652 0.0407406 0.999166 -0.00290784 2.86348 -0.0246621 0.00391495 0.999688 0.526703
0.998776 -0.0425676 0.0251837 89.3215 0.0426828 0.99908 -0.00405566 2.90628 -0.0249879 0.00512561 0.999675 0.523809
0.998661 -0.045567 0.0245001 90.2495 0.0457038 0.998942 -0.00505466 2.95284 -0.0242439 0.00616764 0.999687 0.523071
0.998528 -0.0487584 0.0237574 91.1588 0.048897 0.99879 -0.00528667 3.00602 -0.0234709 0.00644056 0.999704 0.519582
0.998368 -0.05182 0.0239825 92.045 0.0519536 0.998637 -0.0049793 3.05622 -0.0236918 0.00621715 0.9997 0.520971
0.998187 -0.0547347 0.0250336 92.9094 0.0548547 0.998486 -0.00413062 3.10591 -0.0247696 0.00549634 0.999678 0.517525
0.997997 -0.0576373 0.0260734 93.7475 0.0577445 0.998326 -0.00337614 3.16459 -0.0258351 0.00487497 0.999654 0.515606
0.997778 -0.0606804 0.0275109 94.559 0.0607792 0.998147 -0.00276994 3.21531 -0.0272919 0.00443588 0.999618 0.511104
0.997576 -0.0635336 0.0284006 95.3466 0.0635955 0.997975 -0.00128061 3.27515 -0.0282618 0.00308366 0.999596 0.507666
0.997393 -0.0661619 0.0288128 96.1092 0.0661681 0.997808 0.000739137 3.32703 -0.0287986 0.00116928 0.999585 0.505728
0.997244 -0.0687271 0.0279439 96.8319 0.068709 0.997635 0.00160835 3.3806 -0.0279884 0.000316086 0.999608 0.504005
0.997161 -0.071197 0.0245101 97.5267 0.071162 0.997462 0.00229929 3.44729 -0.0246116 -0.00054857 0.999697 0.501424
0.997078 -0.0735113 0.020795 98.1977 0.07344 0.997291 0.00417158 3.50645 -0.0210453 -0.0026322 0.999775 0.501736
0.996981 -0.0755247 0.0180011 98.8326 0.0754302 0.997134 0.00587324 3.56185 -0.0183931 -0.00449769 0.999821 0.497216
0.996912 -0.0766789 0.0169161 99.4339 0.0765514 0.997033 0.00806535 3.61585 -0.0174843 -0.0067455 0.999824 0.498164
0.996969 -0.075898 0.0170928 100.023 0.0757214 0.997071 0.010754 3.66852 -0.0178589 -0.00942709 0.999796 0.503185
0.997139 -0.0733476 0.0182734 100.576 0.073095 0.997225 0.0141304 3.71706 -0.0192591 -0.0127543 0.999733 0.506398
0.997474 -0.0682033 0.0198695 101.104 0.0678795 0.997556 0.0165368 3.7608 -0.0209488 -0.0151463 0.999666 0.505154
0.997888 -0.0611695 0.0218396 101.62 0.0607908 0.997995 0.0176042 3.79664 -0.0228726 -0.0162394 0.999606 0.503488
0.998373 -0.0514619 0.0245649 102.104 0.0510471 0.998548 0.0172263 3.82237 -0.0254157 -0.0159443 0.99955 0.501448
0.998852 -0.0400106 0.0263464 102.564 0.0395936 0.999085 0.0161644 3.84327 -0.0269691 -0.0151027 0.999522 0.501725
0.999281 -0.0265166 0.0270889 103.008 0.0261153 0.999545 0.015063 3.84952 -0.027476 -0.0143447 0.99952 0.501436
0.99957 -0.0114181 0.0270128 103.428 0.0110382 0.999839 0.0141696 3.85469 -0.0271702 -0.0138653 0.999535 0.49876
0.999666 0.00635549 0.0250345 103.839 -0.00666653 0.999901 0.0123608 3.84482 -0.0249535 -0.0125235 0.99961 0.500502
0.999395 0.0274949 0.0212985 104.234 -0.0277519 0.999544 0.0118704 3.82482 -0.0209624 -0.0124543 0.999703 0.499653
0.998503 0.051946 0.0170992 104.629 -0.0521275 0.998587 0.0103442 3.79735 -0.0165377 -0.0112201 0.9998 0.495284
0.996762 0.0790084 0.0149619 105.012 -0.07914 0.996828 0.00842132 3.75475 -0.014249 -0.00957813 0.999853 0.497154
0.993981 0.108619 0.0142806 105.393 -0.108714 0.994055 0.00605671 3.69716 -0.0135378 -0.00757275 0.99988 0.493394
0.989949 0.140828 0.0130072 105.761 -0.140885 0.99002 0.003554 3.6319 -0.0123768 -0.00535079 0.999909 0.493144
0.984273 0.176257 0.0118405 106.113 -0.176286 0.984338 0.00141011 3.55304 -0.0114065 -0.00347525 0.999929 0.496308
0.976724 0.214205 0.0112824 106.47 -0.214197 0.976789 -0.00192659 3.4505 -0.0114332 -0.000534899 0.999934 0.499226
0.967135 0.254043 0.0106064 106.814 -0.25401 0.967192 -0.0043151 3.33367 -0.0113547 0.00147915 0.999934 0.505124
0.955431 0.295034 0.0103115 107.152 -0.295009 0.955487 -0.00389081 3.21487 -0.0110004 0.000675413 0.999939 0.518053
0.940747 0.338923 0.0112365 107.469 -0.338926 0.940811 -0.00164631 3.08754 -0.0111294 -0.00225958 0.999936 0.516728
0.923563 0.383229 0.0128884 107.789 -0.383236 0.923648 -0.00199581 2.94363 -0.0126692 -0.00309604 0.999915 0.517697
0.904085 0.427117 0.0141996 108.089 -0.427128 0.904188 -0.00240481 2.78247 -0.0138662 -0.0038909 0.999896 0.51122
0.881702 0.471613 0.0135091 108.378 -0.47161 0.8818 -0.0036481 2.59266 -0.0136328 -0.00315447 0.999902 0.509977
0.857255 0.514754 0.0119341 108.662 -0.514752 0.857332 -0.00348915 2.4051 -0.0120275 -0.00315202 0.999923 0.515868
0.830513 0.556913 0.00983319 108.935 -0.556915 0.830565 -0.0027361 2.20178 -0.00969087 -0.00320389 0.999948 0.516819
0.801009 0.598597 0.00813765 109.184 -0.598624 0.801029 0.00120262 1.98883 -0.00579861 -0.0058347 0.999966 0.523911
0.768334 0.639993 0.0085019 109.433 -0.640045 0.768307 0.00677762 1.7686 -0.00219444 -0.0106491 0.999941 0.534169
0.732311 0.680903 0.0095773 109.675 -0.68097 0.732222 0.0114283 1.52954 0.000768848 -0.0148909 0.999889 0.52121
0.694026 0.719888 0.00944131 109.907 -0.719947 0.693931 0.0116678 1.25697 0.00184789 -0.014895 0.999887 0.515044
0.653972 0.756458 0.0096246 110.123 -0.756519 0.653904 0.00945846 0.967307 0.000861363 -0.0134668 0.999909 0.526847
0.611136 0.791441 0.0115718 110.324 -0.791524 0.6111 0.00680302 0.672725 -0.00168737 -0.013317 0.99991 0.527851
0.565864 0.824377 0.0141732 110.518 -0.824488 0.565861 0.00462051 0.359346 -0.00421102 -0.0143002 0.999889 0.539097
0.518954 0.854658 0.0157097 110.693 -0.854781 0.518982 0.00257002 0.0296373 -0.00595659 -0.0147621 0.999873 0.527107
0.469478 0.882774 0.0173617 110.842 -0.882883 0.469586 -0.00255464 -0.316869 -0.010408 -0.014129 0.999846 0.550832
0.418915 0.907792 0.0205961 110.994 -0.907952 0.419062 -0.00324596 -0.67625 -0.0115777 -0.0173404 0.999783 0.555189
0.368738 0.929248 0.0230376 111.135 -0.929493 0.368841 -0.00020653 -1.0465 -0.00868913 -0.0213371 0.999735 0.561403
0.319073 0.94743 0.0238482 111.25 -0.947726 0.319046 0.00502815 -1.43737 -0.00284487 -0.0242059 0.999703 0.55023
0.271899 0.962042 0.0233597 111.366 -0.962326 0.2718 0.00734028 -1.85391 0.000712487 -0.0244754 0.9997 0.542951
0.22971 0.973091 0.0180876 111.469 -0.973255 0.229618 0.00702228 -2.28333 0.00268007 -0.0192169 0.999812 0.535349
0.193401 0.981053 0.0114286 111.547 -0.981111 0.193338 0.00642245 -2.72172 0.00409119 -0.0124548 0.999914 0.542507
0.16188 0.986778 0.00805063 111.627 -0.986796 0.161828 0.00677108 -3.18041 0.00537873 -0.00904043 0.999945 0.562732
0.13369 0.990954 0.0116875 111.704 -0.991017 0.133637 0.00515766 -3.64747 0.00354913 -0.012272 0.999918 0.581382
0.10789 0.993984 0.0188555 111.769 -0.994163 0.107878 0.0016465 -4.12833 -0.000397494 -0.0189231 0.999821 0.58485
0.0840204 0.996162 0.024528 111.827 -0.996456 0.084096 -0.0020637 -4.63316 -0.00411849 -0.0242677 0.999697 0.574723
0.0609723 0.997906 0.0215788 111.855 -0.99812 0.0610918 -0.00491926 -5.14877 -0.00622725 -0.0212383 0.999755 0.568611
0.0402727 0.999093 0.013822 111.861 -0.999174 0.040343 -0.00484026 -5.68916 -0.00539348 -0.0136156 0.999893 0.571639
0.0224213 0.999719 0.00772953 111.867 -0.999743 0.0224462 -0.00315427 -6.24216 -0.00332688 -0.00765682 0.999965 0.588066
0.00829847 0.999946 0.00629475 111.868 -0.999964 0.00828809 0.00167375 -6.81917 0.00162148 -0.00630842 0.999979 0.596796
-0.00296329 0.999952 0.00935415 111.871 -0.999977 -0.00302081 0.00614055 -7.4199 0.00616851 -0.00933573 0.999937 0.593927
-0.00977517 0.999915 0.00866363 111.876 -0.99993 -0.00983196 0.00653778 -8.05408 0.0066224 -0.00859911 0.999941 0.577424
-0.0131412 0.999906 0.00395503 111.862 -0.999908 -0.0131545 0.00337527 -8.71001 0.00342698 -0.00391031 0.999986 0.587097
-0.0132421 0.999912 0.00103334 111.854 -0.999912 -0.0132434 0.00121578 -9.37995 0.00122936 -0.00101715 0.999999 0.59247
-0.0112076 0.999935 0.00186803 111.856 -0.999937 -0.011209 0.000777288 -10.0645 0.000798177 -0.0018592 0.999998 0.618332
-0.00971091 0.999942 0.00472668 111.86 -0.999952 -0.00971549 0.00094838 -10.7373 0.000994247 -0.00471725 0.999988 0.615239
-0.00881307 0.999948 0.00514108 111.861 -0.999959 -0.00882373 0.00205286 -11.4486 0.00209811 -0.00512278 0.999985 0.616946
-0.00802791 0.999948 0.00635481 111.869 -0.999964 -0.00804477 0.00263196 -12.1709 0.00268294 -0.00633345 0.999976 0.623165
-0.00739898 0.999949 0.00689924 111.874 -0.99997 -0.00741455 0.00223397 -12.9154 0.00228501 -0.00688251 0.999974 0.63162
-0.00676901 0.999937 0.0088999 111.871 -0.999977 -0.00677762 0.000937201 -13.671 0.000997463 -0.00889334 0.99996 0.635198
-0.00642944 0.999944 0.00841824 111.874 -0.999979 -0.00642504 -0.000549752 -14.442 -0.000495634 -0.0084216 0.999964 0.642345
-0.00661089 0.99995 0.0075611 111.869 -0.999974 -0.00658972 -0.00282218 -15.2047 -0.00277221 -0.00757956 0.999967 0.651819
-0.00771074 0.999933 0.00868503 111.867 -0.999961 -0.0076722 -0.00446197 -16.0033 -0.00439504 -0.0087191 0.999952 0.656488
-0.0089585 0.999895 0.0113883 111.874 -0.999945 -0.00889576 -0.00554785 -16.7986 -0.00544596 -0.0114374 0.99992 0.653137
-0.0099705 0.999901 0.00995679 111.865 -0.999919 -0.00989067 -0.0080351 -17.6114 -0.00793582 -0.0100361 0.999918 0.65471
-0.0110086 0.999908 0.00794339 111.854 -0.999888 -0.010927 -0.0102448 -18.4289 -0.0101571 -0.00805528 0.999916 0.664592
-0.01274 0.999881 0.00872618 111.853 -0.999861 -0.0126451 -0.0108376 -19.252 -0.0107259 -0.00886304 0.999903 0.665954
-0.0137347 0.999843 0.0111894 111.858 -0.999881 -0.0136545 -0.00721493 -20.0666 -0.00706101 -0.0112872 0.999911 0.669305
-0.0144728 0.999837 0.0108251 111.848 -0.999892 -0.014446 -0.00255172 -20.8913 -0.00239492 -0.0108609 0.999938 0.668049
-0.0155536 0.99982 0.0108849 111.843 -0.999878 -0.0155413 -0.00121307 -21.7313 -0.00104369 -0.0109025 0.99994 0.679646
-0.0170242 0.999758 0.0139456 111.841 -0.999851 -0.0169811 -0.00320404 -22.5848 -0.00296645 -0.0139981 0.999898 0.683664
-0.0180241 0.999696 0.0168236 111.839 -0.999814 -0.0179062 -0.00713143 -23.4453 -0.00682802 -0.016949 0.999833 0.690491
-0.0182466 0.999671 0.0180259 111.83 -0.999767 -0.0180342 -0.0118771 -24.3036 -0.0115481 -0.0182384 0.999767 0.692489
-0.0185666 0.999592 0.0217067 111.819 -0.999682 -0.0181896 -0.0174411 -25.1479 -0.0170392 -0.0220237 0.999612 0.691096
-0.0185523 0.999552 0.0234866 111.814 -0.999662 -0.0181158 -0.0186644 -26.0091 -0.0182306 -0.0238249 0.99955 0.686997
-0.0176802 0.999618 0.0212659 111.807 -0.999769 -0.0174143 -0.0126252 -26.8486 -0.0122501 -0.0214842 0.999694 0.690909
-0.0164444 0.999686 0.0188852 111.794 -0.999863 -0.0164036 -0.00231328 -27.6693 -0.00200277 -0.0189207 0.999819 0.695217
-0.0161525 0.999709 0.0179277 111.792 -0.999866 -0.0161965 0.00231203 -28.5043 0.00260172 -0.0178879 0.999837 0.704469
-0.0152653 0.999742 0.016797 111.786 -0.999883 -0.0152429 -0.00145699 -29.3425 -0.00120058 -0.0168173 0.999858 0.702269
-0.014217 0.999801 0.0140188 111.771 -0.999859 -0.0140901 -0.00911125 -30.1815 -0.00891191 -0.0141464 0.99986 0.707353
-0.0137432 0.99984 0.0114166 111.757 -0.999826 -0.0135971 -0.0127742 -31.0124 -0.012617 -0.0115902 0.999853 0.717298
-0.0141266 0.999825 0.012284 111.752 -0.999821 -0.0139697 -0.0127655 -31.8354 -0.0125916 -0.0124621 0.999843 0.729235
-0.0151235 0.999779 0.0145876 111.75 -0.999816 -0.0149486 -0.0120223 -32.6542 -0.0118016 -0.0147667 0.999821 0.731781
-0.0169815 0.999713 0.0169148 111.741 -0.999787 -0.0167789 -0.0120485 -33.4657 -0.0117612 -0.0171158 0.999784 0.731126
-0.0190804 0.999662 0.0176512 111.734 -0.999746 -0.0188643 -0.0123314 -34.2633 -0.0119943 -0.017882 0.999768 0.731661
-0.0210903 0.999608 0.0183876 111.717 -0.999707 -0.0208673 -0.0122372 -35.0701 -0.0118487 -0.0186403 0.999756 0.740843
-0.022893 0.999546 0.0196065 111.706 -0.999672 -0.022662 -0.0119234 -35.8696 -0.0114736 -0.0198731 0.999737 0.741933
-0.024904 0.999467 0.0211285 111.689 -0.999613 -0.0246337 -0.0129589 -36.6652 -0.0124315 -0.0214431 0.999693 0.741691
-0.0270509 0.999404 0.0214634 111.673 -0.999542 -0.0267512 -0.0141276 -37.4643 -0.013545 -0.0218357 0.99967 0.744476
-0.0288747 0.999356 0.0213265 111.657 -0.999494 -0.0285812 -0.0139406 -38.2481 -0.0133221 -0.0217182 0.999675 0.748749
-0.0307707 0.999294 0.0215562 111.639 -0.999448 -0.0304909 -0.013191 -39.0391 -0.0125244 -0.0219502 0.999681 0.752864
-0.0317902 0.999268 0.0212921 111.613 -0.999417 -0.0315147 -0.0131507 -39.8167 -0.0124701 -0.0216977 0.999687 0.748513
-0.0329844 0.999255 0.0200372 111.588 -0.999363 -0.0327014 -0.0142917 -40.5906 -0.0136258 -0.0204958 0.999697 0.750373
-0.0342241 0.999221 0.0196279 111.566 -0.999309 -0.033929 -0.0151764 -41.3576 -0.0144986 -0.0201338 0.999692 0.75803
-0.0355951 0.999152 0.0206837 111.548 -0.999252 -0.0352703 -0.0158653 -42.1095 -0.0151223 -0.0212329 0.99966 0.761362
-0.0368142 0.99908 0.0219943 111.527 -0.999192 -0.036445 -0.0169577 -42.8584 -0.0161406 -0.0226008 0.999614 0.765464
-0.0376408 0.999041 0.0223772 111.505 -0.999144 -0.037241 -0.018022 -43.5895 -0.0171714 -0.0230364 0.999587 0.770968
-0.0384101 0.999009 0.022477 111.484 -0.999114 -0.0380075 -0.0180701 -44.3005 -0.0171979 -0.0231511 0.999584 0.767609
-0.0384298 0.999028 0.0215966 111.457 -0.999145 -0.0380873 -0.0160534 -45.007 -0.0152153 -0.022195 0.999638 0.770664
-0.0386979 0.998993 0.0227027 111.437 -0.999171 -0.0383978 -0.0135092 -45.7021 -0.0126238 -0.0232067 0.999651 0.775276
-0.0387208 0.998957 0.0242126 111.413 -0.999189 -0.0384381 -0.0120347 -46.3998 -0.0110914 -0.0246589 0.999634 0.782116
-0.0387831 0.998971 0.0235239 111.393 -0.999194 -0.0385256 -0.0113059 -47.0985 -0.010388 -0.0239434 0.999659 0.787932
-0.0388684 0.998991 0.0224899 111.367 -0.999188 -0.0386182 -0.0114535 -47.7869 -0.0105734 -0.0229168 0.999681 0.786778
-0.039149 0.99899 0.0220716 111.35 -0.99917 -0.0388889 -0.0120954 -48.4642 -0.0112249 -0.0225268 0.999683 0.797006
-0.0393901 0.998914 0.0248723 111.328 -0.999165 -0.0391047 -0.0118608 -49.1525 -0.0108753 -0.0253187 0.99962 0.804346
-0.0394075 0.998835 0.0278413 111.312 -0.999164 -0.0390861 -0.0119974 -49.8331 -0.0108952 -0.0282908 0.99954 0.808171
-0.039527 0.998863 0.0266433 111.286 -0.999145 -0.0391865 -0.0131833 -50.5116 -0.0121242 -0.0271416 0.999558 0.804424
-0.0404557 0.998823 0.026766 111.267 -0.999098 -0.0400911 -0.0140207 -51.1916 -0.0129311 -0.0273091 0.999543 0.808235
-0.0440834 0.998532 0.0314629 111.249 -0.998934 -0.0436257 -0.0150886 -51.8616 -0.0136939 -0.0320945 0.999391 0.817531
-0.0491986 0.99825 0.0327973 111.227 -0.998702 -0.048735 -0.0147888 -52.5391 -0.0131645 -0.0334823 0.999353 0.81425
-0.0550945 0.998063 0.0289099 111.184 -0.998432 -0.0547827 -0.0114679 -53.2019 -0.00986193 -0.0294964 0.999516 0.81592
-0.0617249 0.997699 0.0280352 111.139 -0.998069 -0.0615014 -0.00876544 -53.8803 -0.00702107 -0.0285221 0.999569 0.815402
-0.0690705 0.997177 0.0294378 111.094 -0.997594 -0.0688623 -0.0080298 -54.5597 -0.00597998 -0.0299216 0.999534 0.824584
-0.075283 0.996624 0.0327531 111.062 -0.997144 -0.0750398 -0.00859313 -55.2324 -0.00610633 -0.0333065 0.999427 0.827949
-0.0804655 0.996218 0.032777 111.014 -0.996733 -0.0801914 -0.00959684 -55.9187 -0.00693211 -0.0334422 0.999417 0.829784
-0.0848432 0.995808 0.0341723 110.965 -0.996373 -0.0845693 -0.00938276 -56.6087 -0.00645351 -0.0348444 0.999372 0.835499
-0.0888541 0.995358 0.0369706 110.908 -0.996021 -0.0885377 -0.0101139 -57.297 -0.00679371 -0.0377221 0.999265 0.836041
-0.0918001 0.995085 0.0371223 110.845 -0.99573 -0.0913686 -0.0131597 -58.0095 -0.00970319 -0.0381718 0.999224 0.829981
-0.0938378 0.994967 0.0351313 110.779 -0.995504 -0.0933148 -0.0162457 -58.7293 -0.0128857 -0.0364978 0.999251 0.834214
-0.0956159 0.994817 0.0345912 110.719 -0.995294 -0.094998 -0.0190873 -59.4491 -0.0157022 -0.0362535 0.999219 0.838273
-0.0968969 0.994716 0.03393 110.654 -0.995172 -0.0962944 -0.0189663 -60.1765 -0.0155988 -0.035604 0.999244 0.822785
-0.0973188 0.994728 0.0323189 110.584 -0.995176 -0.0968544 -0.0156424 -60.9039 -0.0124297 -0.0336853 0.999355 0.823902
-0.0972819 0.994893 0.0269186 110.503 -0.995219 -0.0970052 -0.0114036 -61.626 -0.00873407 -0.0278993 0.999573 0.813032
-0.0978381 0.994983 0.0209056 110.42 -0.995189 -0.0977071 -0.00719923 -62.3736 -0.00512048 -0.0215094 0.999756 0.827069
-0.0986987 0.994917 0.019983 110.349 -0.995108 -0.0985886 -0.00642178 -63.1168 -0.00441904 -0.0205191 0.99978 0.833507
-0.0991935 0.994796 0.0232715 110.285 -0.995047 -0.0990115 -0.0088463 -63.8807 -0.00649612 -0.0240338 0.99969 0.840663
-0.0991876 0.994815 0.0224799 110.215 -0.995008 -0.098906 -0.0133133 -64.6418 -0.0110208 -0.0236882 0.999659 0.833567
-0.0993623 0.994851 0.019986 110.14 -0.994961 -0.099063 -0.0154517 -65.3882 -0.0133923 -0.0214206 0.999681 0.838715
-0.100408 0.994764 0.0190612 110.072 -0.994853 -0.100118 -0.0156384 -66.1218 -0.0136481 -0.0205333 0.999696 0.842761
-0.10223 0.99457 0.0194866 110.01 -0.994678 -0.101949 -0.0149141 -66.8584 -0.0128464 -0.0209076 0.999699 0.846015
-0.104175 0.994357 0.0200485 109.934 -0.994484 -0.103899 -0.0143573 -67.6045 -0.0121933 -0.0214336 0.999696 0.847592
-0.106383 0.994125 0.0199521 109.858 -0.994253 -0.106112 -0.0141908 -68.3507 -0.0119903 -0.0213471 0.9997 0.843759
-0.108075 0.993948 0.0196796 109.781 -0.994071 -0.107809 -0.0141245 -69.1004 -0.0119174 -0.0210895 0.999707 0.848594
-0.110298 0.99368 0.0208496 109.702 -0.993825 -0.11001 -0.0145047 -69.8459 -0.0121193 -0.0223207 0.999677 0.84326
-0.111637 0.9935 0.0222337 109.625 -0.993683 -0.111343 -0.0140613 -70.6004 -0.0114944 -0.023663 0.999654 0.844177
-0.112603 0.99338 0.0227363 109.543 -0.993586 -0.112328 -0.012999 -71.3466 -0.010359 -0.0240541 0.999657 0.85222
-0.113416 0.993278 0.0231448 109.463 -0.993498 -0.113148 -0.0125825 -72.1303 -0.00987918 -0.0244213 0.999653 0.850246
-0.114903 0.993099 0.0235066 109.381 -0.993329 -0.114634 -0.0125142 -72.8974 -0.00973317 -0.0247877 0.999645 0.853423
-0.116031 0.992978 0.0230612 109.295 -0.993182 -0.115729 -0.014027 -73.6779 -0.0112597 -0.0245315 0.999636 0.858504
-0.117148 0.992785 0.0255647 109.206 -0.993027 -0.116756 -0.0163147 -74.4604 -0.0132122 -0.0272977 0.99954 0.857201
-0.118838 0.992543 0.0271228 109.127 -0.992805 -0.118377 -0.0180202 -75.2501 -0.0146751 -0.0290691 0.99947 0.852452
-0.120925 0.992289 0.0271967 109.04 -0.992543 -0.120442 -0.0187695 -76.0434 -0.0153492 -0.0292636 0.999454 0.84749
-0.12292 0.992092 0.0253936 108.947 -0.992298 -0.12247 -0.0185724 -76.8276 -0.0153155 -0.027481 0.999505 0.846144
-0.124977 0.991834 0.0254074 108.854 -0.992062 -0.124565 -0.0172062 -77.6339 -0.0139008 -0.0273561 0.999529 0.840244
-0.126355 0.991683 0.0244871 108.748 -0.991932 -0.126053 -0.0134883 -78.4377 -0.0102894 -0.0259938 0.999609 0.83466
-0.126686 0.991671 0.0232302 108.643 -0.991919 -0.126487 -0.00984653 -79.2514 -0.00682619 -0.0242899 0.999682 0.831842
-0.127493 0.991575 0.0229061 108.54 -0.991833 -0.127375 -0.00651879 -80.0572 -0.0035462 -0.0235501 0.999716 0.844985
-0.127144 0.991676 0.0203122 108.438 -0.991879 -0.127053 -0.00572908 -80.8732 -0.00310067 -0.0208757 0.999777 0.847318
-0.126916 0.991767 0.0170708 108.324 -0.991904 -0.126822 -0.0065256 -81.7151 -0.00430693 -0.0177608 0.999833 0.859396
-0.126838 0.991794 0.0160474 108.217 -0.991905 -0.126719 -0.00822158 -82.5487 -0.0061206 -0.0169603 0.999837 0.866934
-0.125757 0.991922 0.0165961 108.112 -0.992031 -0.125605 -0.00988839 -83.3956 -0.00772395 -0.0177074 0.999813 0.875159
-0.124179 0.99211 0.0172174 108.008 -0.992208 -0.123977 -0.0123771 -84.2414 -0.0101449 -0.0186202 0.999775 0.875206
-0.122617 0.992324 0.0160622 107.905 -0.992368 -0.122378 -0.015128 -85.0826 -0.0130462 -0.0177946 0.999757 0.874386
-0.121179 0.992503 0.0159418 107.807 -0.99249 -0.120876 -0.0187739 -85.9327 -0.0167062 -0.0180971 0.999697 0.874893
-0.119414 0.992707 0.0165301 107.707 -0.992704 -0.1191 -0.0188164 -86.7762 -0.0167104 -0.0186565 0.999686 0.871334
-0.117756 0.992919 0.0156303 107.612 -0.992964 -0.117535 -0.0144007 -87.6212 -0.0124617 -0.0172161 0.999774 0.868853
-0.116278 0.993101 0.0151914 107.521 -0.993195 -0.116162 -0.00832754 -88.4722 -0.00650543 -0.0160563 0.99985 0.867272
-0.114621 0.993229 0.0189156 107.421 -0.993401 -0.114523 -0.00621209 -89.3359 -0.00400376 -0.0195028 0.999802 0.882849
-0.113241 0.993365 0.0200471 107.335 -0.99355 -0.113096 -0.00822091 -90.2012 -0.00589913 -0.0208487 0.999765 0.873888
-0.112266 0.993479 0.0198739 107.237 -0.993642 -0.112067 -0.0108332 -91.0856 -0.00853536 -0.0209637 0.999744 0.888602
-0.11194 0.993536 0.0188632 107.145 -0.993666 -0.111726 -0.0120589 -91.9471 -0.00987346 -0.0200936 0.999749 0.889183
-0.111244 0.993618 0.0186749 107.049 -0.993739 -0.111022 -0.0125443 -92.8145 -0.0103909 -0.0199534 0.999747 0.900718
-0.110713 0.993677 0.0186922 106.956 -0.993791 -0.110478 -0.0131638 -93.6788 -0.0110155 -0.0200335 0.999739 0.906296
-0.110013 0.993798 0.0162311 106.863 -0.993856 -0.10979 -0.014048 -94.5508 -0.0121788 -0.0176769 0.99977 0.899794
-0.109087 0.993931 0.0142167 106.768 -0.993944 -0.108876 -0.0148537 -95.4223 -0.0132156 -0.015751 0.999789 0.905681
-0.108519 0.994018 0.0123061 106.677 -0.994014 -0.108345 -0.0140459 -96.2774 -0.0126285 -0.0137567 0.999826 0.909331
-0.107951 0.994095 0.0110119 106.582 -0.9941 -0.10782 -0.0118457 -97.1451 -0.0105884 -0.0122257 0.999869 0.91174
-0.10721 0.994101 0.0164258 106.496 -0.994188 -0.107027 -0.0116266 -98.0006 -0.00980002 -0.0175768 0.999797 0.924289
-0.106736 0.994103 0.0191685 106.425 -0.99421 -0.106467 -0.0145643 -98.872 -0.0124376 -0.020612 0.99971 0.920898
-0.107111 0.993947 0.0244148 106.346 -0.994144 -0.106713 -0.0170414 -99.7305 -0.0143329 -0.0260971 0.999557 0.925324
-0.108215 0.993786 0.0260699 106.271 -0.994038 -0.107816 -0.0162566 -100.568 -0.0133449 -0.0276737 0.999528 0.923722
-0.109201 0.993579 0.0295953 106.193 -0.993977 -0.108873 -0.0124684 -101.4 -0.00916616 -0.0307786 0.999484 0.931305
-0.10992 0.993453 0.0311333 106.105 -0.993918 -0.109654 -0.010133 -102.242 -0.00665281 -0.0320577 0.999464 0.929913
-0.110321 0.993452 0.0297039 106.017 -0.993876 -0.110077 -0.00971069 -103.068 -0.00637737 -0.0305933 0.999512 0.93847
-0.110859 0.993416 0.0288864 105.934 -0.99381 -0.1106 -0.0104078 -103.9 -0.0071444 -0.0298614 0.999529 0.941923
-0.111492 0.993394 0.0271627 105.843 -0.993746 -0.111278 -0.00927715 -104.726 -0.00619326 -0.0280272 0.999588 0.947404
-0.112113 0.993336 0.0267152 105.749 -0.993687 -0.111962 -0.00705921 -105.549 -0.00402107 -0.027338 0.999618 0.959504
-0.112694 0.993251 0.0274247 105.668 -0.993626 -0.112576 -0.00580472 -106.362 -0.00267819 -0.027904 0.999607 0.968698
-0.11404 0.993025 0.0299276 105.583 -0.993473 -0.113908 -0.006061 -107.174 -0.00260972 -0.0304234 0.999534 0.978512
-0.116111 0.992732 0.0316308 105.502 -0.993231 -0.115953 -0.00679099 -107.968 -0.00307393 -0.0322052 0.999477 0.985127
-0.119132 0.99239 0.0311369 105.41 -0.992877 -0.119012 -0.00568694 -108.766 -0.001938 -0.0315926 0.999499 0.998979
-0.122399 0.99195 0.0324471 105.32 -0.992481 -0.122349 -0.00354813 -109.561 0.000450299 -0.0326374 0.999467 1.00906
-0.125344 0.991528 0.0340734 105.231 -0.992112 -0.125329 -0.00257985 -110.346 0.00171239 -0.034128 0.999416 1.02743
-0.128765 0.991114 0.0333444 105.142 -0.991674 -0.128745 -0.00274495 -111.121 0.00157236 -0.0334202 0.99944 1.03576
-0.131621 0.990767 0.0324906 105.037 -0.9913 -0.131574 -0.00361076 -111.898 0.000697487 -0.0326832 0.999466 1.04683
-0.134301 0.990434 0.0316944 104.937 -0.99094 -0.134276 -0.0028996 -112.672 0.00138395 -0.0317966 0.999493 1.05816
-0.136055 0.990021 0.0367095 104.836 -0.990681 -0.136198 0.00141179 -113.445 0.00639747 -0.0361753 0.999325 1.07575
-0.137685 0.989718 0.0387402 104.743 -0.990391 -0.13808 0.00769173 -114.211 0.0129619 -0.037309 0.99922 1.09658
-0.14061 0.989433 0.0353828 104.63 -0.989941 -0.141068 0.0107866 -114.975 0.015664 -0.0335102 0.999316 1.10294
-0.143882 0.989028 0.0334869 104.525 -0.989514 -0.144219 0.00788851 -115.737 0.0126314 -0.0320007 0.999408 1.13233
-0.147059 0.98852 0.0346646 104.418 -0.989111 -0.147172 0.000727426 -116.504 0.00582075 -0.0341802 0.999399 1.15281
-0.14895 0.988223 0.0350703 104.307 -0.988835 -0.149013 -0.00082899 -117.265 0.00440671 -0.0348022 0.999385 1.1635
-0.150597 0.987946 0.0358102 104.197 -0.988569 -0.150756 0.00177846 -118.019 0.00715564 -0.035133 0.999357 1.18372
-0.153376 0.987387 0.039285 104.09 -0.988116 -0.153656 0.00418954 -118.768 0.0101731 -0.0381755 0.999219 1.20545
-0.15574 0.987003 0.0396354 103.976 -0.987708 -0.156142 0.00723068 -119.516 0.0133255 -0.0380221 0.999188 1.21208
-0.157715 0.986802 0.0367116 103.847 -0.987339 -0.158221 0.0112927 -120.265 0.0169522 -0.0344658 0.999262 1.23512
-0.159723 0.986442 0.0376863 103.732 -0.986934 -0.16039 0.0153793 -120.999 0.0212153 -0.0347375 0.999171 1.25804
-0.16251 0.985929 0.0391693 103.628 -0.986438 -0.163264 0.0168845 -121.729 0.0230419 -0.0358942 0.99909 1.28671
-0.16531 0.985502 0.0381851 103.509 -0.986028 -0.165957 0.014419 -122.472 0.020547 -0.035268 0.999167 1.30609
-0.169575 0.984927 0.0341187 103.385 -0.985372 -0.170043 0.0113178 -123.197 0.0169489 -0.0317004 0.999354 1.32978
-0.175557 0.983935 0.0324177 103.26 -0.984357 -0.175939 0.00930788 -123.918 0.0148619 -0.0302765 0.999431 1.35996
-0.182196 0.982728 0.0324078 103.131 -0.983163 -0.182546 0.00817089 -124.64 0.0139457 -0.0303735 0.999441 1.38502
-0.191079 0.980996 0.0336989 103.001 -0.981468 -0.191452 0.00820283 -125.368 0.0144987 -0.031507 0.999398 1.40523
-0.201804 0.978818 0.0345094 102.863 -0.979305 -0.202207 0.00860642 -126.076 0.0154022 -0.0320584 0.999367 1.42709
-0.21381 0.976248 0.0349991 102.715 -0.976734 -0.214251 0.00934952 -126.777 0.0166261 -0.0321858 0.999344 1.45003
-0.226339 0.973414 0.0351641 102.557 -0.973893 -0.2268 0.00967143 -127.481 0.0173895 -0.0320571 0.999335 1.47115
-0.238273 0.970656 0.0324369 102.38 -0.971047 -0.238692 0.00967619 -128.177 0.0171347 -0.0291922 0.999427 1.49077
-0.249233 0.967986 0.0297727 102.204 -0.968297 -0.249613 0.00975355 -128.881 0.0168729 -0.0263979 0.999509 1.51748
-0.25938 0.965402 0.0268503 102.009 -0.965636 -0.259715 0.00976986 -129.579 0.0164053 -0.0233935 0.999592 1.53872
-0.268285 0.96308 0.0223619 101.808 -0.963214 -0.268553 0.00990814 -130.27 0.0155477 -0.0188811 0.999701 1.55719
-0.276233 0.960921 0.0180456 101.593 -0.960978 -0.276439 0.0100978 -130.965 0.0146917 -0.0145521 0.999786 1.58177
-0.282256 0.959182 0.0173468 101.385 -0.959238 -0.282442 0.00941047 -131.661 0.0139258 -0.0139835 0.999805 1.61145
-0.286743 0.957908 0.0138009 101.177 -0.95794 -0.286864 0.00776388 -132.347 0.0113961 -0.0109942 0.999875 1.62802
-0.288638 0.957418 0.00626658 100.962 -0.957415 -0.28867 0.00510658 -133.027 0.00669811 -0.00452577 0.999967 1.63928
-0.289902 0.957056 0.00104272 100.749 -0.957051 -0.289904 0.00290052 -133.704 0.00307825 -0.000157069 0.999995 1.65784
-0.290944 0.956731 -0.00420678 100.537 -0.956739 -0.290933 0.00294914 -134.383 0.00159764 0.00488282 0.999987 1.67011
-0.290614 0.956822 -0.00587127 100.331 -0.95682 -0.290563 0.00823824 -135.029 0.00617655 0.0080119 0.999949 1.68795
-0.289579 0.957147 -0.00377608 100.134 -0.957111 -0.289527 0.0106083 -135.694 0.00906045 0.00668608 0.999937 1.69824
-0.28861 0.957438 -0.00421976 99.9309 -0.957409 -0.288556 0.0102221 -136.36 0.00856939 0.00699023 0.999939 1.71764
-0.286679 0.958004 -0.0066399 99.7366 -0.958006 -0.286622 0.00847551 -137.017 0.00621643 0.00879082 0.999942 1.73075
-0.285298 0.958401 -0.00851284 99.541 -0.958432 -0.285251 0.00627041 -137.668 0.00358126 0.00994792 0.999944 1.74457
-0.283577 0.958894 -0.010265 99.3514 -0.958942 -0.283516 0.00706921 -138.321 0.00386834 0.0118482 0.999922 1.75481
-0.280959 0.959645 -0.0119698 99.1502 -0.9597 -0.280852 0.00986693 -138.966 0.006107 0.0142597 0.99988 1.7771
-0.276754 0.96085 -0.0131698 98.9657 -0.960919 -0.276631 0.0104872 -139.61 0.00643351 0.0155575 0.999858 1.7871
-0.271692 0.962299 -0.0127943 98.7822 -0.962366 -0.271583 0.00967144 -140.25 0.00583211 0.0149404 0.999871 1.80508
-0.266326 0.963766 -0.0150273 98.6151 -0.963876 -0.266234 0.00784711 -140.885 0.00356198 0.0165744 0.999856 1.81574
-0.261625 0.965041 -0.0157307 98.4503 -0.965168 -0.261556 0.00632877 -141.495 0.00199305 0.0168386 0.999856 1.83434
-0.257655 0.966108 -0.0157642 98.2832 -0.966236 -0.257605 0.00518825 -142.12 0.000951471 0.0165687 0.999862 1.85005
-0.253857 0.967105 -0.016246 98.1233 -0.967242 -0.253828 0.00386395 -142.745 -0.000386841 0.0166947 0.999861 1.86032
-0.250032 0.968028 -0.0201421 97.9607 -0.968234 -0.250032 0.00259046 -143.355 -0.00252853 0.02015 0.999794 1.86195
-0.246539 0.968897 -0.0213595 97.8001 -0.969121 -0.246585 0.000477726 -143.973 -0.00480408 0.0208178 0.999772 1.87057
-0.243156 0.969777 -0.0202096 97.6564 -0.969971 -0.24322 -0.00073641 -144.58 -0.00562954 0.0194237 0.999795 1.88738
-0.239565 0.970679 -0.0197826 97.5153 -0.97087 -0.239605 0.000393826 -145.17 -0.00435774 0.0193007 0.999804 1.89403
-0.235048 0.971786 -0.0196179 97.3754 -0.971983 -0.235026 0.00342837 -145.758 -0.00127908 0.0198741 0.999802 1.89608
-0.229636 0.973057 -0.0206805 97.234 -0.973275 -0.229544 0.00676804 -146.334 0.00183861 0.021682 0.999763 1.91333
-0.223133 0.9746 -0.019154 97.1089 -0.974783 -0.223028 0.00746773 -146.924 0.00300617 0.0203373 0.999789 1.92939
