1 -2.1545e-15 2.29161e-10 1.5546e-18 2.15448e-15 1 7.88325e-11 2.27613e-12 -2.29161e-10 -7.88325e-11 1 -1.26149e-17
0.999998 -0.00201558 -0.000422209 -0.00443764 0.0020164 0.999996 0.00195868 -0.0138775 0.00041826 -0.00195953 0.999998 0.562161
0.999994 -0.00321787 -0.00156927 -0.00451058 0.00322206 0.999991 0.00267426 -0.027584 0.00156065 -0.0026793 0.999995 1.12534
0.999984 -0.00487295 -0.00273648 -0.00879728 0.0048811 0.999984 0.00297849 -0.0362224 0.00272192 -0.0029918 0.999992 1.69262
0.999969 -0.00671468 -0.00411698 -0.0103773 0.00673388 0.999966 0.00466757 -0.043907 0.0040855 -0.00469515 0.999981 2.23887
0.999946 -0.00859933 -0.00575175 -0.0132668 0.00863993 0.999938 0.00707265 -0.0571632 0.00569057 -0.00712196 0.999958 2.80068
0.99993 -0.00993081 -0.00638671 -0.0202769 0.0099834 0.999916 0.00825624 -0.0672152 0.00630418 -0.00831943 0.999946 3.36708
0.999921 -0.0112211 -0.00567239 -0.0271091 0.0112697 0.999899 0.00860742 -0.0783023 0.00557524 -0.00867067 0.999947 3.94433
0.999904 -0.0126045 -0.00574278 -0.0314961 0.0126549 0.999881 0.00882529 -0.0906301 0.00563086 -0.00889712 0.999945 4.52983
0.99988 -0.0134241 -0.00778954 -0.0415177 0.0134908 0.999872 0.00857568 -0.106802 0.00767343 -0.00867974 0.999933 5.11982
0.999834 -0.014665 -0.0108155 -0.0578993 0.0147444 0.999865 0.00729607 -0.124092 0.010707 -0.00745433 0.999915 5.71994
0.999768 -0.0160369 -0.0144019 -0.0784108 0.0161194 0.999854 0.00562802 -0.133505 0.0143095 -0.00585886 0.99988 6.33011
0.99975 -0.0171736 -0.0143035 -0.0916832 0.0172276 0.999845 0.00365968 -0.149366 0.0142384 -0.00390518 0.999891 6.94255
0.999794 -0.0185811 -0.00815682 -0.115413 0.0185937 0.999826 0.00147294 -0.157355 0.00812803 -0.0016243 0.999966 7.58743
0.999809 -0.0194094 0.00214278 -0.124252 0.0194076 0.999811 0.000845681 -0.162783 -0.00215879 -0.000803933 0.999997 8.2476
0.99975 -0.0203698 0.00926078 -0.145825 0.0203641 0.999792 0.00071541 -0.176118 -0.00927343 -0.000526644 0.999957 8.92063
0.999715 -0.0217655 0.00981821 -0.161531 0.0217712 0.999763 -0.0004739 -0.190932 -0.00980557 0.000687519 0.999952 9.59894
0.999739 -0.0225516 0.00355138 -0.183342 0.0225621 0.999741 -0.00293364 -0.192964 -0.0034843 0.003013 0.999989 10.2895
0.999717 -0.0236668 -0.00244947 -0.204049 0.0236584 0.999714 -0.00341086 -0.184543 0.00252949 0.00335194 0.999991 10.9908
0.999689 -0.024878 -0.00179783 -0.229604 0.024874 0.999688 -0.00221266 -0.182749 0.00185232 0.00216725 0.999996 11.7242
0.999652 -0.0254948 0.00681049 -0.250956 0.0255018 0.999674 -0.000934836 -0.188177 -0.00678444 0.00110819 0.999976 12.4853
0.99955 -0.0260651 0.0148758 -0.272944 0.0260609 0.99966 0.000476671 -0.18589 -0.0148832 -8.87795e-05 0.999889 13.2583
0.999472 -0.0269707 0.0181103 -0.289464 0.026938 0.999635 0.00204602 -0.183161 -0.0181589 -0.00155708 0.999834 14.0484
0.999468 -0.0273072 0.0178326 -0.310927 0.0272328 0.999619 0.00440218 -0.176738 -0.017946 -0.00391421 0.999831 14.8536
0.99951 -0.0269335 0.0159284 -0.330964 0.026855 0.999626 0.00512011 -0.173338 -0.0160603 -0.00468985 0.99986 15.6601
0.99957 -0.0263661 0.0128431 -0.357153 0.0263265 0.999648 0.00324401 -0.158576 -0.0129241 -0.0029045 0.999912 16.4851
0.99965 -0.0253732 0.00755238 -0.380862 0.0253367 0.999667 0.00489571 -0.152633 -0.00767409 -0.00470264 0.999959 17.3288
0.999696 -0.0246147 0.00169425 -0.396148 0.0246019 0.999671 0.00719064 -0.157374 -0.00187069 -0.00714677 0.999973 18.1869
0.999716 -0.023615 -0.00306048 -0.424545 0.0236367 0.999694 0.00724916 -0.165499 0.00288835 -0.00731944 0.999969 19.0832
0.999719 -0.0233192 -0.00435615 -0.454384 0.0233382 0.999718 0.00436061 -0.169634 0.00425324 -0.00446105 0.999981 19.9834
0.999714 -0.0236435 -0.00364702 -0.482425 0.0236592 0.999711 0.00430931 -0.182194 0.00354408 -0.00439436 0.999984 20.9081
0.999714 -0.0235598 -0.0041716 -0.517599 0.0235773 0.999713 0.00419335 -0.191313 0.00407161 -0.00429051 0.999983 21.8254
0.999708 -0.0234625 -0.00582201 -0.544502 0.0234729 0.999723 0.00171723 -0.203042 0.00578011 -0.00185339 0.999982 22.7673
0.999701 -0.0235754 -0.00644784 -0.579118 0.0235602 0.999719 -0.00241921 -0.218256 0.00650306 0.00226657 0.999976 23.7234
0.9997 -0.023698 -0.00623074 -0.611537 0.0236716 0.999711 -0.00428299 -0.232861 0.00633044 0.00413421 0.999971 24.6893
0.999698 -0.0238238 -0.00608858 -0.640538 0.0237924 0.999703 -0.00518509 -0.246107 0.00621031 0.00503866 0.999968 25.6603
0.999694 -0.0240511 -0.00575873 -0.666402 0.024019 0.999696 -0.00558674 -0.263218 0.00589135 0.00544671 0.999968 26.6416
0.999691 -0.0244567 -0.00455074 -0.700597 0.0244289 0.999683 -0.00607946 -0.277855 0.00469798 0.00596641 0.999971 27.637
0.999695 -0.0245728 -0.0023404 -0.727212 0.0245563 0.999675 -0.00682034 -0.291796 0.00250723 0.00676079 0.999974 28.6348
0.999689 -0.0249036 -0.000907163 -0.752842 0.0248971 0.999669 -0.00655038 -0.299039 0.00106999 0.00652576 0.999978 29.6397
0.99969 -0.0248448 -0.00135153 -0.779953 0.0248361 0.999673 -0.00611087 -0.317939 0.00150291 0.00607541 0.99998 30.6493
0.999679 -0.0252816 -0.00185404 -0.814058 0.0252672 0.999653 -0.00744001 -0.329901 0.00204149 0.00739078 0.999971 31.6782
0.999671 -0.0256225 -0.00111565 -0.84261 0.0256125 0.999639 -0.00817285 -0.342203 0.00132466 0.00814159 0.999966 32.7224
0.999654 -0.0262611 0.00160333 -0.871676 0.0262728 0.999624 -0.00778613 -0.35497 -0.00139826 0.00782556 0.999968 33.7596
0.999629 -0.026756 0.00515436 -0.903983 0.0267941 0.999613 -0.00746577 -0.362817 -0.00495261 0.00760111 0.999959 34.8195
0.999593 -0.0274488 0.00771581 -0.92907 0.0274981 0.999602 -0.00636183 -0.371098 -0.00753811 0.00657141 0.99995 35.8666
0.999568 -0.028099 0.00866506 -0.965518 0.0281488 0.999588 -0.00567592 -0.377555 -0.008502 0.00591737 0.999946 36.9372
0.999564 -0.0284975 0.0077585 -1.00324 0.0285333 0.999583 -0.00454164 -0.38253 -0.00762584 0.00476104 0.99996 38.0053
0.999546 -0.0291771 0.00753254 -1.04075 0.0292221 0.999555 -0.00593473 -0.38755 -0.00735603 0.00615215 0.999954 39.0806
0.999514 -0.0299168 0.00871445 -1.07511 0.029971 0.999532 -0.00616158 -0.390361 -0.00852603 0.00641977 0.999943 40.1507
0.999468 -0.0307535 0.010905 -1.11369 0.0308238 0.999505 -0.00633682 -0.396597 -0.0107047 0.00666958 0.99992 41.2229
0.999415 -0.0314869 0.0133191 -1.15157 0.0315602 0.999488 -0.00533066 -0.398152 -0.0131444 0.0057479 0.999897 42.3119
0.999383 -0.0322398 0.0139232 -1.19354 0.0323112 0.999466 -0.0049328 -0.401983 -0.0137567 0.00537963 0.999891 43.3898
0.999399 -0.0327959 0.0112528 -1.23674 0.0328588 0.999445 -0.00545292 -0.407504 -0.0110677 0.00581939 0.999922 44.4544
0.999433 -0.032791 0.00758131 -1.27323 0.0328453 0.999435 -0.0071569 -0.414373 -0.00734234 0.00740186 0.999946 45.5319
0.999439 -0.0327262 0.00708989 -1.32329 0.0328 0.999406 -0.0105505 -0.417185 -0.0067404 0.0107771 0.999919 46.6113
0.999425 -0.0325689 0.00943892 -1.35842 0.0326617 0.999418 -0.00985067 -0.420123 -0.0091126 0.0101533 0.999907 47.6878
0.999402 -0.0325739 0.0115995 -1.39542 0.032702 0.999404 -0.01103 -0.42538 -0.0112333 0.0114027 0.999872 48.7688
0.999386 -0.0325865 0.0128867 -1.43451 0.0327012 0.999426 -0.0087944 -0.422478 -0.0125927 0.00921041 0.999878 49.8525
0.999389 -0.0325392 0.0127262 -1.47895 0.0326567 0.999425 -0.00913928 -0.428916 -0.0124215 0.00954929 0.999877 50.9326
0.999418 -0.0321063 0.0115079 -1.51372 0.0321931 0.999454 -0.00744039 -0.429592 -0.0112627 0.00780653 0.999906 52.0104
0.999445 -0.0319432 0.00940252 -1.55076 0.0320154 0.999458 -0.0076301 -0.431738 -0.00915369 0.0079269 0.999927 53.0839
0.999468 -0.0318216 0.00718329 -1.58694 0.0318699 0.99947 -0.0067094 -0.437532 -0.00696598 0.00693476 0.999952 54.1558
0.999489 -0.0316933 0.00420531 -1.62335 0.031714 0.999485 -0.00494339 -0.44658 -0.00404647 0.00507423 0.999979 55.2242
0.999496 -0.0316218 0.00262709 -1.66521 0.0316337 0.999489 -0.00461235 -0.461847 -0.0024799 0.00469313 0.999986 56.3056
0.999496 -0.0313865 0.00466001 -1.70153 0.0314084 0.999496 -0.00469763 -0.475193 -0.00451021 0.00484163 0.999978 57.3775
0.999462 -0.0312554 0.00998574 -1.73663 0.0312961 0.999502 -0.00394773 -0.478941 -0.00985739 0.00425812 0.999942 58.4667
0.999391 -0.0310549 0.0159252 -1.77336 0.0310713 0.999517 -0.00078322 -0.476958 -0.0158932 0.00127756 0.999873 59.557
0.999355 -0.0314247 0.0173929 -1.80465 0.031391 0.999505 0.00220701 -0.48302 -0.0174536 -0.00165961 0.999846 60.6377
0.999402 -0.0312057 0.0148728 -1.8386 0.0311282 0.999501 0.00541501 -0.479274 -0.0150343 -0.00494881 0.999875 61.7163
0.999449 -0.0310795 0.0116607 -1.87789 0.0309943 0.999492 0.00741905 -0.481246 -0.0118854 -0.00705354 0.999904 62.7936
0.999474 -0.0313201 0.00846362 -1.91812 0.0312724 0.999495 0.00571257 -0.489943 -0.00863826 -0.00544489 0.999948 63.8698
0.999502 -0.0311802 0.00481006 -1.95295 0.0311559 0.999502 0.00505401 -0.499319 -0.00496525 -0.00490163 0.999976 64.9575
0.999519 -0.0307643 0.0038433 -2.00147 0.030758 0.999525 0.00168107 -0.51002 -0.00389319 -0.00156205 0.999991 66.0427
0.999524 -0.0300057 0.00711652 -2.03871 0.0300174 0.999548 -0.0015434 -0.511232 -0.00706699 0.00175628 0.999973 67.1374
0.999505 -0.0300199 0.00938201 -2.07967 0.0300441 0.999546 -0.00244935 -0.516896 -0.00930421 0.00273001 0.999953 68.2277
0.999493 -0.0301468 0.0102793 -2.12105 0.0301683 0.999543 -0.00193973 -0.520543 -0.0102161 0.00224885 0.999945 69.3052
0.999477 -0.0303558 0.0111528 -2.15494 0.0303635 0.999539 -0.000517493 -0.524196 -0.0111319 0.000855859 0.999938 70.407
0.999455 -0.0305131 0.0126099 -2.19292 0.0305079 0.999534 0.000604109 -0.529363 -0.0126225 -0.000219077 0.99992 71.5002
0.999411 -0.0309775 0.0147518 -2.22926 0.0309472 0.999518 0.00227777 -0.529241 -0.0148153 -0.0018199 0.999889 72.5858
0.999358 -0.0318052 0.0164891 -2.26379 0.0317493 0.999489 0.00364332 -0.530226 -0.0165966 -0.00311746 0.999857 73.6698
0.999343 -0.032618 0.0157857 -2.29809 0.0325438 0.999458 0.00493486 -0.536952 -0.0159381 -0.00441789 0.999863 74.7617
0.999365 -0.0333437 0.0125995 -2.34256 0.0332833 0.999434 0.00497143 -0.539675 -0.0127581 -0.00454892 0.999908 75.8301
0.999371 -0.0338081 0.0106714 -2.38871 0.0337748 0.999424 0.00328538 -0.541741 -0.0107763 -0.00292289 0.999938 76.9045
0.999342 -0.0342044 0.0120919 -2.43397 0.0341829 0.999414 0.00198163 -0.545202 -0.0121526 -0.00156699 0.999925 77.9785
0.999268 -0.0348429 0.0157648 -2.4782 0.0348321 0.999393 0.000956066 -0.549468 -0.0157885 -0.000406246 0.999875 79.0499
0.999172 -0.035342 0.0201368 -2.51647 0.0353495 0.999375 -1.52836e-05 -0.54862 -0.0201237 0.000727098 0.999797 80.1237
0.999117 -0.0362955 0.0211469 -2.56377 0.0362896 0.999341 0.000663554 -0.543514 -0.021157 0.000104443 0.999776 81.194
0.999133 -0.0367528 0.0195749 -2.60943 0.0367433 0.999324 0.000843377 -0.538694 -0.0195927 -0.000123399 0.999808 82.2444
0.999127 -0.0373892 0.0186396 -2.65305 0.0373793 0.999301 0.000878542 -0.535315 -0.0186594 -0.00018104 0.999826 83.3014
0.999107 -0.0378941 0.0187145 -2.69622 0.0378761 0.999282 0.00131715 -0.529472 -0.018751 -0.00060714 0.999824 84.3407
0.99908 -0.0384381 0.0190267 -2.73962 0.0384017 0.99926 0.00227525 -0.530935 -0.0191001 -0.0015425 0.999816 85.3674
0.999022 -0.0391141 0.0205971 -2.77899 0.0390655 0.999233 0.00275538 -0.530445 -0.0206891 -0.00194805 0.999784 86.3921
0.998943 -0.0397465 0.0230969 -2.8248 0.0396638 0.999205 0.00402755 -0.528507 -0.0232386 -0.00310718 0.999725 87.3846
0.998865 -0.0408492 0.0244818 -2.86348 0.0407406 0.999158 0.00491794 -0.526703 -0.0246621 -0.00391495 0.999688 88.3652
0.998776 -0.0428236 0.0247459 -2.90628 0.0426828 0.99907 0.00618941 -0.523809 -0.0249879 -0.00512561 0.999675 89.3215
0.998661 -0.0458658 0.023936 -2.95284 0.0457038 0.998929 0.00727135 -0.523071 -0.0242439 -0.00616764 0.999687 90.2495
0.998528 -0.0490605 0.0231272 -3.00602 0.048897 0.998775 0.00758257 -0.519582 -0.0234709 -0.00644056 0.999704 91.1588
0.998368 -0.0521143 0.0233362 -3.05622 0.0519536 0.998622 0.00744169 -0.520971 -0.0236918 -0.00621715 0.9997 92.045
0.998187 -0.0550067 0.0244302 -3.10591 0.0548547 0.998471 0.00684887 -0.517525 -0.0247696 -0.00549634 0.999678 92.9094
0.997997 -0.0578889 0.02551 -3.16459 0.0577445 0.998311 0.00636077 -0.515606 -0.0258351 -0.00487497 0.999654 93.7475
0.997778 -0.0609221 0.0269713 -3.21531 0.0607792 0.998133 0.0060887 -0.511104 -0.0272919 -0.00443588 0.999618 94.559
0.997576 -0.0637076 0.0280081 -3.27515 0.0635955 0.997964 0.00487667 -0.507666 -0.0282618 -0.00308366 0.999596 95.3466
0.997393 -0.0662291 0.028658 -3.32703 0.0661681 0.997804 0.00307354 -0.505728 -0.0287986 -0.00116928 0.999585 96.1092
0.997244 -0.0687448 0.0279005 -3.3806 0.068709 0.997634 0.00223927 -0.504005 -0.0279884 -0.000316086 0.999608 96.8319
0.997161 -0.0711701 0.0245882 -3.44729 0.071162 0.997464 0.0012046 -0.501424 -0.0246116 0.00054857 0.999697 97.5267
0.997078 -0.0734007 0.0211818 -3.50645 0.07344 0.997299 -0.00107977 -0.501736 -0.0210453 0.0026322 0.999775 98.1977
0.996981 -0.0753597 0.0186799 -3.56185 0.0754302 0.997146 -0.00309801 -0.497216 -0.0183931 0.00449769 0.999821 98.8326
0.996912 -0.0764438 0.0179491 -3.61585 0.0765514 0.997051 -0.00538811 -0.498164 -0.0174843 0.0067455 0.999824 99.4339
0.996969 -0.0755622 0.0185209 -3.66852 0.0757214 0.997097 -0.00804906 -0.503185 -0.0178589 0.00942709 0.999796 100.023
0.997139 -0.0728576 0.0201386 -3.71706 0.073095 0.997261 -0.0113146 -0.506398 -0.0192591 0.0127543 0.999733 100.576
0.997474 -0.0675699 0.0219266 -3.7608 0.0678795 0.9976 -0.0136925 -0.505154 -0.0209488 0.0151463 0.999666 101.104
0.997888 -0.0604279 0.023815 -3.79664 0.0607908 0.99804 -0.014823 -0.503488 -0.0228726 0.0162394 0.999606 101.62
0.998373 -0.0506523 0.0261937 -3.82237 0.0510471 0.998589 -0.014631 -0.501448 -0.0254157 0.0159443 0.99955 102.104
0.998852 -0.0391963 0.0275433 -3.84327 0.0395936 0.999117 -0.0140283 -0.501725 -0.0269691 0.0151027 0.999522 102.564
0.999281 -0.0257283 0.0278387 -3.84952 0.0261153 0.999566 -0.0136275 -0.501436 -0.027476 0.0143447 0.99952 103.008
0.99957 -0.0106644 0.0273191 -3.85469 0.0110382 0.999847 -0.0135696 -0.49876 -0.0271702 0.0138653 0.999535 103.428
0.999666 0.00698068 0.0248675 -3.84482 -0.00666653 0.999897 -0.0126935 -0.500502 -0.0249535 0.0125235 0.99961 103.839
0.999395 0.0280169 0.0206069 -3.82482 -0.0277519 0.99953 -0.0130341 -0.499653 -0.0209624 0.0124543 0.999703 104.234
0.998503 0.0523167 0.0159291 -3.79735 -0.0521275 0.998568 -0.0120685 -0.495284 -0.0165377 0.0112201 0.9998 104.629
0.996762 0.0792804 0.0134455 -3.75475 -0.07914 0.996806 -0.0106768 -0.497154 -0.014249 0.00957813 0.999853 105.012
0.993981 0.108823 0.0126337 -3.69716 -0.108714 0.994032 -0.00900039 -0.493394 -0.0135378 0.00757275 0.99988 105.393
0.989949 0.140959 0.0114992 -3.6319 -0.140885 0.990001 -0.00704163 -0.493144 -0.0123768 0.00535079 0.999909 105.761
0.984273 0.176335 0.0106151 -3.55304 -0.176286 0.984324 -0.00543196 -0.496308 -0.0114065 0.00347525 0.999929 106.113
0.976724 0.214217 0.0110532 -3.4505 -0.214197 0.976786 -0.00297163 -0.499226 -0.0114332 0.000534899 0.999934 106.47
0.967135 0.25401 0.011358 -3.33367 -0.25401 0.967201 -0.00145367 -0.505124 -0.0113547 -0.00147915 0.999934 106.814
0.955431 0.29502 0.01071 -3.21487 -0.295009 0.955491 -0.00260002 -0.518053 -0.0110004 -0.000675413 0.999939 107.152
0.940747 0.33897 0.00970465 -3.08754 -0.338926 0.940795 -0.00589822 -0.516728 -0.0111294 0.00225958 0.999936 107.469
0.923563 0.383301 0.010515 -2.94363 -0.383236 0.923618 -0.00771551 -0.517697 -0.0126692 0.00309604 0.999915 107.789
0.904085 0.427215 0.0108751 -2.78247 -0.427128 0.904142 -0.00944155 -0.51122 -0.0138662 0.0038909 0.999896 108.089
0.881702 0.471689 0.0105332 -2.59266 -0.47161 0.881759 -0.00921175 -0.509977 -0.0136328 0.00315447 0.999902 108.378
0.857255 0.514819 0.00868858 -2.4051 -0.514752 0.857293 -0.00889407 -0.515868 -0.0120275 0.00315202 0.999923 108.662
0.830513 0.556964 0.00626427 -2.20178 -0.556915 0.83053 -0.00805834 -0.516819 -0.00969087 0.00320389 0.999948 108.935
0.801009 0.598651 0.00115183 -1.98883 -0.598624 0.800989 -0.00814499 -0.523911 -0.00579861 0.0058347 0.999966 109.184
0.768334 0.640028 -0.00512996 -1.7686 -0.640045 0.768277 -0.00958657 -0.534169 -0.00219444 0.0106491 0.999941 109.433
0.732311 0.680886 -0.0107032 -1.52954 -0.68097 0.732238 -0.0103813 -0.52121 0.000768848 0.0148909 0.999889 109.675
0.694026 0.71985 -0.012006 -1.25697 -0.719947 0.69397 -0.00900732 -0.515044 0.00184789 0.014895 0.999887 109.907
0.653972 0.756443 -0.0107511 -0.967307 -0.756519 0.653921 -0.00815533 -0.526847 0.000861363 0.0134668 0.999909 110.123
0.611136 0.791469 -0.00950963 -0.672725 -0.791524 0.611065 -0.009474 -0.527851 -0.00168737 0.013317 0.99991 110.324
0.565864 0.824445 -0.00940791 -0.359346 -0.824488 0.565761 -0.0115637 -0.539097 -0.00421102 0.0143002 0.999889 110.518
0.518954 0.854749 -0.0095279 -0.0296373 -0.854781 0.518832 -0.0127522 -0.527107 -0.00595659 0.0147621 0.999873 110.693
0.469478 0.882912 -0.0075895 0.316869 -0.882883 0.469327 -0.0158226 -0.550832 -0.010408 0.014129 0.999846 110.842
0.418915 0.90796 -0.0108967 0.67625 -0.907952 0.418698 -0.0177762 -0.555189 -0.0115777 0.0173404 0.999783 110.994
0.368738 0.929385 -0.0166308 1.0465 -0.929493 0.368496 -0.0159433 -0.561403 -0.00868913 0.0213371 0.999735 111.135
0.319073 0.947474 -0.0220333 1.43737 -0.947726 0.318915 -0.0104189 -0.55023 -0.00284487 0.0242059 0.999703 111.25
0.271899 0.962033 -0.023747 1.85391 -0.962326 0.271834 -0.0059694 -0.542951 0.000712487 0.0244754 0.9997 111.366
0.22971 0.973067 -0.0193186 2.28333 -0.973255 0.229719 -0.00180643 -0.535349 0.00268007 0.0192169 0.999812 111.469
0.193401 0.981034 -0.0130109 2.72172 -0.981111 0.193438 0.00160482 -0.542507 0.00409119 0.0124548 0.999914 111.547
0.16188 0.986762 -0.009792 3.18041 -0.986796 0.161924 0.00384406 -0.562732 0.00537873 0.00904043 0.999945 111.627
0.13369 0.990943 -0.0126364 3.64747 -0.991017 0.133724 0.00187634 -0.581382 0.00354913 0.012272 0.999918 111.704
0.10789 0.993986 -0.0187698 4.12833 -0.994163 0.107863 -0.00243672 -0.58485 -0.000397494 0.0189231 0.999821 111.769
0.0840204 0.996179 -0.0238362 4.63316 -0.996456 0.0838967 -0.00614173 -0.574723 -0.00411849 0.0242677 0.999697 111.827
0.0609723 0.997922 -0.0208196 5.14877 -0.99812 0.0608277 -0.00750926 -0.568611 -0.00622725 0.0212383 0.999755 111.855
0.0402727 0.999099 -0.0133876 5.68916 -0.999174 0.0401962 -0.00593696 -0.571639 -0.00539348 0.0136156 0.999893 111.861
0.0224213 0.99972 -0.00758035 6.24216 -0.999743 0.0223953 -0.00349762 -0.588066 -0.00332688 0.00765682 0.999965 111.867
0.00829847 0.999946 -0.00632167 6.81917 -0.999964 0.00830855 0.00156904 -0.596796 0.00162148 0.00630842 0.999979 111.868
-0.00296329 0.999952 -0.00931759 7.4199 -0.999977 -0.00290563 0.00619588 -0.593927 0.00616851 0.00933573 0.999937 111.871
-0.00977517 0.999916 -0.00853415 8.05408 -0.99993 -0.00971808 0.0067059 -0.577424 0.0066224 0.00859911 0.999941 111.876
-0.0131412 0.999906 -0.00386496 8.71001 -0.999908 -0.0131278 0.00347804 -0.587097 0.00342698 0.00391031 0.999986 111.862
-0.0132421 0.999912 -0.00100078 9.37995 -0.999912 -0.0132408 0.00124272 -0.59247 0.00122936 0.00101715 0.999999 111.854
-0.0112076 0.999935 -0.00185014 10.0645 -0.999937 -0.0112061 0.000818963 -0.618332 0.000798177 0.0018592 0.999998 111.856
-0.00971091 0.999942 -0.00470738 10.7373 -0.999952 -0.00970612 0.00104 -0.615239 0.000994247 0.00471725 0.999988 111.86
-0.00881307 0.999948 -0.0051041 11.4486 -0.999959 -0.00880223 0.00214315 -0.616946 0.00209811 0.00512278 0.999985 111.861
-0.00802791 0.999948 -0.00631173 12.1709 -0.999964 -0.00801079 0.00273364 -0.623165 0.00268294 0.00633345 0.999976 111.869
-0.00739898 0.999949 -0.00686543 12.9154 -0.99997 -0.0073831 0.00233582 -0.63162 0.00228501 0.00688251 0.999974 111.874
-0.00676901 0.999938 -0.00888639 13.671 -0.999977 -0.00675987 0.0010576 -0.635198 0.000997463 0.00889334 0.99996 111.871
-0.00642944 0.999944 -0.00842462 14.442 -0.999979 -0.00643339 -0.00044146 -0.642345 -0.000495634 0.0084216 0.999964 111.874
-0.00661089 0.999949 -0.00759775 15.2047 -0.999974 -0.00663174 -0.00272196 -0.651819 -0.00277221 0.00757956 0.999967 111.869
-0.00771074 0.999932 -0.00875282 16.0033 -0.999961 -0.00774884 -0.00432751 -0.656488 -0.00439504 0.0087191 0.999952 111.867
-0.0089585 0.999894 -0.0114859 16.7986 -0.999945 -0.00902033 -0.00534292 -0.653137 -0.00544596 0.0114374 0.99992 111.874
-0.0099705 0.999899 -0.010115 17.6114 -0.999919 -0.01005 -0.00783495 -0.65471 -0.00793582 0.0100361 0.999918 111.865
-0.0110086 0.999906 -0.00816702 18.4289 -0.999888 -0.0110906 -0.0100675 -0.664592 -0.0101571 0.00805528 0.999916 111.854
-0.01274 0.999878 -0.00899948 19.252 -0.999861 -0.0128353 -0.0106117 -0.665954 -0.0107259 0.00886304 0.999903 111.853
-0.0137347 0.999841 -0.0113834 20.0666 -0.999881 -0.0138139 -0.00690486 -0.669305 -0.00706101 0.0112872 0.999911 111.858
-0.0144728 0.999836 -0.0108945 20.8913 -0.999892 -0.014498 -0.00223734 -0.668049 -0.00239492 0.0108609 0.999938 111.848
-0.0155536 0.999819 -0.0109174 21.7313 -0.999878 -0.0155641 -0.000873929 -0.679646 -0.00104369 0.0109025 0.99994 111.843
-0.0170242 0.999756 -0.0140466 22.5848 -0.999851 -0.0170641 -0.00272742 -0.683664 -0.00296645 0.0139981 0.999898 111.841
-0.0180241 0.999692 -0.0170697 23.4453 -0.999814 -0.0181376 -0.00652043 -0.690491 -0.00682802 0.016949 0.999833 111.839
-0.0182466 0.999663 -0.0184473 24.3036 -0.999767 -0.0184554 -0.0112114 -0.692489 -0.0115481 0.0182384 0.999767 111.83
-0.0185666 0.999578 -0.0223394 25.1479 -0.999682 -0.0189401 -0.0166231 -0.691096 -0.0170392 0.0220237 0.999612 111.819
-0.0185523 0.999536 -0.0241629 26.0091 -0.999662 -0.0189844 -0.0177801 -0.686997 -0.0182306 0.0238249 0.99955 111.814
-0.0176802 0.999608 -0.021699 26.8486 -0.999769 -0.0179406 -0.0118655 -0.690909 -0.0122501 0.0214842 0.999694 111.807
-0.0164444 0.999685 -0.0189511 27.6693 -0.999863 -0.0164794 -0.001691 -0.695217 -0.00200277 0.0189207 0.999819 111.794
-0.0161525 0.99971 -0.0178436 28.5043 -0.999866 -0.0161034 0.0028899 -0.704469 0.00260172 0.0178879 0.999837 111.792
-0.0152653 0.999742 -0.0168337 29.3425 -0.999883 -0.0152833 -0.000943549 -0.702269 -0.00120058 0.0168173 0.999858 111.786
-0.014217 0.999797 -0.0142722 30.1815 -0.999859 -0.0143422 -0.00870898 -0.707353 -0.00891191 0.0141464 0.99986 111.771
-0.0137432 0.999836 -0.0117634 31.0124 -0.999826 -0.0138896 -0.0124556 -0.717298 -0.012617 0.0115902 0.999853 111.757
-0.0141266 0.99982 -0.0126397 31.8354 -0.999821 -0.0142835 -0.0124133 -0.729235 -0.0125916 0.0124621 0.999843 111.752
-0.0151235 0.999774 -0.0149445 32.6542 -0.999816 -0.0152972 -0.0115756 -0.731781 -0.0118016 0.0147667 0.999821 111.75
-0.0169815 0.999706 -0.0173142 33.4657 -0.999787 -0.0171815 -0.0114671 -0.731126 -0.0117612 0.0171158 0.999784 111.741
-0.0190804 0.999654 -0.0181089 34.2633 -0.999746 -0.0192932 -0.011649 -0.731661 -0.0119943 0.017882 0.999768 111.734
-0.0210903 0.999599 -0.0188873 35.0701 -0.999707 -0.021309 -0.0114508 -0.740843 -0.0118487 0.0186403 0.999756 111.717
-0.022893 0.999535 -0.0201318 35.8696 -0.999672 -0.023118 -0.0110133 -0.741933 -0.0114736 0.0198731 0.999737 111.706
-0.024904 0.999453 -0.0217476 36.6652 -0.999613 -0.0251667 -0.0118907 -0.741691 -0.0124315 0.0214431 0.999693 111.689
-0.0270509 0.999388 -0.0221961 37.4643 -0.999542 -0.0273426 -0.012946 -0.744476 -0.013545 0.0218357 0.99967 111.673
-0.0288747 0.999339 -0.0220957 38.2481 -0.999494 -0.0291597 -0.0126862 -0.748749 -0.0133221 0.0217182 0.999675 111.657
-0.0307707 0.999277 -0.0223268 39.0391 -0.999448 -0.0310405 -0.0118399 -0.752864 -0.0125244 0.0219502 0.999681 111.639
-0.0317902 0.999251 -0.0220848 39.8167 -0.999417 -0.0320556 -0.011771 -0.748513 -0.0124701 0.0216977 0.999687 111.613
-0.0329844 0.999237 -0.0209359 40.5906 -0.999363 -0.0332597 -0.0129394 -0.750373 -0.0136258 0.0204958 0.999697 111.588
-0.0342241 0.999201 -0.0206203 41.3576 -0.999309 -0.0345125 -0.013798 -0.75803 -0.0144986 0.0201338 0.999692 111.566
-0.0355951 0.999129 -0.0217601 42.1095 -0.999252 -0.0359121 -0.0143533 -0.761362 -0.0151223 0.0212329 0.99966 111.548
-0.0368142 0.999053 -0.0231826 42.8584 -0.999192 -0.0371742 -0.0152933 -0.765464 -0.0161406 0.0226008 0.999614 111.527
-0.0376408 0.999011 -0.0236697 43.5895 -0.999144 -0.0380317 -0.0162873 -0.770968 -0.0171714 0.0230364 0.999587 111.505
-0.0384101 0.998979 -0.0237979 44.3005 -0.999114 -0.0388034 -0.0162911 -0.767609 -0.0171979 0.0231511 0.999584 111.484
-0.0384298 0.999002 -0.0227658 45.007 -0.999145 -0.0387623 -0.0143472 -0.770664 -0.0152153 0.022195 0.999638 111.457
-0.0386979 0.99897 -0.0236796 45.7021 -0.999171 -0.0389833 -0.0117128 -0.775276 -0.0126238 0.0232067 0.999651 111.437
-0.0387208 0.998935 -0.0250713 46.3998 -0.999189 -0.0389847 -0.0101248 -0.782116 -0.0110914 0.0246589 0.999634 111.413
-0.0387831 0.998951 -0.0243295 47.0985 -0.999194 -0.0390226 -0.0094485 -0.787932 -0.010388 0.0239434 0.999659 111.393
-0.0388684 0.998972 -0.0233117 47.7869 -0.999188 -0.0391025 -0.0096718 -0.786778 -0.0105734 0.0229168 0.999681 111.367
-0.039149 0.99897 -0.0229503 48.4642 -0.99917 -0.0393942 -0.0103314 -0.797006 -0.0112249 0.0225268 0.999683 111.35
-0.0393901 0.998893 -0.0257288 49.1525 -0.999165 -0.0396549 -0.00986595 -0.804346 -0.0108753 0.0253187 0.99962 111.328
-0.0394075 0.998811 -0.0286997 49.8331 -0.999164 -0.0397021 -0.00976737 -0.808171 -0.0108952 0.0282908 0.99954 111.312
-0.039527 0.998837 -0.0276015 50.5116 -0.999145 -0.0398442 -0.0110373 -0.804424 -0.0121242 0.0271416 0.999558 111.286
-0.0404557 0.998794 -0.027812 51.1916 -0.999098 -0.0407969 -0.0118107 -0.808235 -0.0129311 0.0273091 0.999543 111.267
-0.0440834 0.998494 -0.0326697 51.8616 -0.998934 -0.0445039 -0.0122584 -0.817531 -0.0136939 0.0320945 0.999391 111.249
-0.0491986 0.998207 -0.034092 52.5391 -0.998702 -0.0496156 -0.0114936 -0.81425 -0.0131645 0.0334823 0.999353 111.227
-0.0550945 0.99803 -0.0299962 53.2019 -0.998432 -0.0553637 -0.00821742 -0.81592 -0.00986193 0.0294964 0.999516 111.184
-0.0617249 0.997675 -0.0289016 53.8803 -0.998069 -0.0619012 -0.00524422 -0.815402 -0.00702107 0.0285221 0.999569 111.139
-0.0690705 0.997153 -0.0302635 54.5597 -0.997594 -0.0692193 -0.00389625 -0.824584 -0.00597998 0.0299216 0.999534 111.094
-0.075283 0.996594 -0.033672 55.2324 -0.997144 -0.0754454 -0.00357812 -0.827949 -0.00610633 0.0333065 0.999427 111.062
-0.0804655 0.996181 -0.033892 55.9187 -0.996733 -0.0806535 -0.0042147 -0.829784 -0.00693211 0.0334422 0.999417 111.014
-0.0848432 0.99577 -0.0352667 56.6087 -0.996373 -0.0850175 -0.0034699 -0.835499 -0.00645351 0.0348444 0.999372 110.965
-0.0888541 0.995313 -0.038177 57.297 -0.996021 -0.0890482 -0.0034101 -0.836041 -0.00679371 0.0377221 0.999265 110.908
-0.0918001 0.995017 -0.0389025 58.0095 -0.99573 -0.0921064 -0.00615067 -0.829981 -0.00970319 0.0381718 0.999224 110.845
-0.0938378 0.994879 -0.0375482 58.7293 -0.995504 -0.0942513 -0.00939484 -0.834214 -0.0128857 0.0364978 0.999251 110.779
-0.0956159 0.994708 -0.0375924 59.4491 -0.995294 -0.0961316 -0.0121527 -0.838273 -0.0157022 0.0362535 0.999219 110.719
-0.0968969 0.994608 -0.0369514 60.1765 -0.995172 -0.0974001 -0.0120648 -0.822785 -0.0155988 0.035604 0.999244 110.654
-0.0973188 0.994647 -0.034737 60.9039 -0.995176 -0.0976878 -0.00908495 -0.823902 -0.0124297 0.0336853 0.999355 110.584
-0.0972819 0.994845 -0.0286174 61.626 -0.995219 -0.0974902 -0.00597495 -0.813032 -0.00873407 0.0278993 0.999573 110.503
-0.0978381 0.994961 -0.0219073 62.3736 -0.995189 -0.0979264 -0.00299024 -0.827069 -0.00512048 0.0215094 0.999756 110.42
-0.0986987 0.994899 -0.0208552 63.1168 -0.995108 -0.0987691 -0.00237129 -0.833507 -0.00441904 0.0205191 0.99978 110.349
-0.0991935 0.994765 -0.02456 63.8807 -0.995047 -0.0993223 -0.00407812 -0.840663 -0.00649612 0.0240338 0.99969 110.285
-0.0991876 0.994763 -0.0246657 64.6418 -0.995008 -0.0994255 -0.00861351 -0.833567 -0.0110208 0.0236882 0.999659 110.215
-0.0993623 0.994794 -0.022647 65.3882 -0.994961 -0.0996339 -0.0111942 -0.838715 -0.0133923 0.0214206 0.999681 110.14
-0.100408 0.994707 -0.0218016 66.1218 -0.994853 -0.100675 -0.0115142 -0.842761 -0.0136481 0.0205333 0.999696 110.072
-0.10223 0.994515 -0.0221129 66.8584 -0.994678 -0.102483 -0.0106386 -0.846015 -0.0128464 0.0209076 0.999699 110.01
-0.104175 0.994302 -0.0225886 67.6045 -0.994484 -0.104419 -0.00989099 -0.847592 -0.0121933 0.0214336 0.999696 109.934
-0.106383 0.994071 -0.0225028 68.3507 -0.994253 -0.106621 -0.00964823 -0.843759 -0.0119903 0.0213471 0.9997 109.858
-0.108075 0.993894 -0.0222552 69.1004 -0.994071 -0.108309 -0.00956538 -0.848594 -0.0119174 0.0210895 0.999707 109.781
-0.110298 0.99362 -0.0235226 69.8459 -0.993825 -0.110547 -0.00958005 -0.84326 -0.0121193 0.0223207 0.999677 109.702
-0.111637 0.99344 -0.0247995 70.6004 -0.993683 -0.111883 -0.00877732 -0.844177 -0.0114944 0.023663 0.999654 109.625
-0.112603 0.993324 -0.0250686 71.3466 -0.993586 -0.112824 -0.00758128 -0.85222 -0.010359 0.0240541 0.999657 109.543
-0.113416 0.993223 -0.0253851 72.1303 -0.993498 -0.113627 -0.00704247 -0.850246 -0.00987918 0.0244213 0.999653 109.463
-0.114903 0.993043 -0.0257428 72.8974 -0.993329 -0.115113 -0.00681728 -0.853423 -0.00973317 0.0247877 0.999645 109.381
-0.116031 0.992914 -0.0256735 73.6779 -0.993182 -0.116278 -0.0083335 -0.858504 -0.0112597 0.0245315 0.999636 109.295
-0.117148 0.992701 -0.0286594 74.4604 -0.993027 -0.117473 -0.00991789 -0.857201 -0.0132122 0.0272977 0.99954 109.206
-0.118838 0.992442 -0.0306096 75.2501 -0.992805 -0.119224 -0.0111097 -0.852452 -0.0146751 0.0290691 0.99947 109.127
-0.120925 0.99218 -0.0309077 76.0434 -0.992543 -0.121333 -0.0116905 -0.84749 -0.0153492 0.0292636 0.999454 109.04
-0.12292 0.991988 -0.0291578 76.8276 -0.992298 -0.123306 -0.0118148 -0.846144 -0.0153155 0.027481 0.999505 108.947
-0.124977 0.991739 -0.028881 77.6339 -0.992062 -0.12532 -0.0103671 -0.840244 -0.0139008 0.0273561 0.999529 108.854
-0.126355 0.991615 -0.0270866 78.4377 -0.991932 -0.126584 -0.00691868 -0.83466 -0.0102894 0.0259938 0.999609 108.748
-0.126686 0.991629 -0.0249593 79.2514 -0.991919 -0.126816 -0.00369186 -0.831842 -0.00682619 0.0242899 0.999682 108.643
-0.127493 0.991554 -0.0238101 80.0572 -0.991833 -0.127541 -0.000513774 -0.844985 -0.0035462 0.0235501 0.999716 108.54
-0.127144 0.99166 -0.0211005 80.8732 -0.991879 -0.127181 -0.000420589 -0.847318 -0.00310067 0.0208757 0.999777 108.438
-0.126916 0.991747 -0.0181639 81.7151 -0.991904 -0.126973 -0.00201726 -0.859396 -0.00430693 0.0177608 0.999833 108.324
-0.126838 0.991767 -0.0175999 82.5487 -0.991905 -0.126925 -0.003919 -0.866934 -0.0061206 0.0169603 0.999837 108.217
-0.125757 0.991888 -0.0185386 83.3956 -0.992031 -0.125877 -0.00543446 -0.875159 -0.00772395 0.0177074 0.999813 108.112
-0.124179 0.992064 -0.0197366 84.2414 -0.992208 -0.124351 -0.00775215 -0.875206 -0.0101449 0.0186202 0.999775 108.008
-0.122617 0.992267 -0.0192614 85.0826 -0.992368 -0.122838 -0.0107634 -0.874386 -0.0130462 0.0177946 0.999757 107.905
-0.121179 0.992429 -0.0199906 85.9327 -0.99249 -0.121476 -0.0143867 -0.874893 -0.0167062 0.0180971 0.999697 107.807
-0.119414 0.992632 -0.0205209 86.7762 -0.992704 -0.119719 -0.0143594 -0.871334 -0.0167104 0.0186565 0.999686 107.707
-0.117756 0.992869 -0.018565 87.6212 -0.992964 -0.117961 -0.0103455 -0.868853 -0.0124617 0.0172161 0.999774 107.612
-0.116278 0.993076 -0.0167041 88.4722 -0.993195 -0.116369 -0.0045934 -0.867272 -0.00650543 0.0160563 0.99985 107.521
-0.114621 0.993211 -0.0198332 89.3359 -0.993401 -0.114678 -0.00174115 -0.882849 -0.00400376 0.0195028 0.999802 107.421
-0.113241 0.993337 -0.0213828 90.2012 -0.99355 -0.113341 -0.0034989 -0.873888 -0.00589913 0.0208487 0.999765 107.335
-0.112266 0.993439 -0.02179 91.0856 -0.993642 -0.112423 -0.00612585 -0.888602 -0.00853536 0.0209637 0.999744 107.237
-0.11194 0.993491 -0.0210733 91.9471 -0.993666 -0.11212 -0.00755992 -0.889183 -0.00987346 0.0200936 0.999749 107.145
-0.111244 0.993572 -0.0209864 92.8145 -0.993739 -0.111434 -0.0081044 -0.900718 -0.0103909 0.0199534 0.999747 107.049
-0.110713 0.993628 -0.0211309 93.6788 -0.993791 -0.110917 -0.00872734 -0.906296 -0.0110155 0.0200335 0.999739 106.956
-0.110013 0.99375 -0.0189106 94.5508 -0.993856 -0.110218 -0.010158 -0.899794 -0.0121788 0.0176769 0.99977 106.863
-0.109087 0.993885 -0.0170999 95.4223 -0.993944 -0.10929 -0.0114166 -0.905681 -0.0132156 0.015751 0.999789 106.768
-0.108519 0.99398 -0.0150469 96.2774 -0.994014 -0.10869 -0.0110596 -0.909331 -0.0126285 0.0137567 0.999826 106.677
-0.107951 0.994067 -0.0132979 97.1451 -0.9941 -0.108078 -0.0092058 -0.91174 -0.0105884 0.0122257 0.999869 106.582
-0.10721 0.994064 -0.0185269 98.0006 -0.994188 -0.10737 -0.00785744 -0.924289 -0.00980002 0.0175768 0.999797 106.496
-0.106736 0.994048 -0.0218232 98.872 -0.99421 -0.106976 -0.0101635 -0.920898 -0.0124376 0.020612 0.99971 106.425
-0.107111 0.993867 -0.0274844 99.7305 -0.994144 -0.107457 -0.0114497 -0.925324 -0.0143329 0.0260971 0.999557 106.346
-0.108215 0.993706 -0.0289573 100.568 -0.994038 -0.10855 -0.0102662 -0.923722 -0.0133449 0.0276737 0.999528 106.271
-0.109201 0.993517 -0.0315963 101.4 -0.993977 -0.109434 -0.00574569 -0.931305 -0.00916616 0.0307786 0.999484 106.193
-0.10992 0.993406 -0.0325951 102.242 -0.993918 -0.110078 -0.00308516 -0.929913 -0.00665281 0.0320577 0.999464 106.105
-0.110321 0.993409 -0.0311104 103.068 -0.993876 -0.110465 -0.00296025 -0.93847 -0.00637737 0.0305933 0.999512 106.017
-0.110859 0.993369 -0.0304698 103.9 -0.99381 -0.111024 -0.00378662 -0.941923 -0.0071444 0.0298614 0.999529 105.934
-0.111492 0.993355 -0.0285432 104.726 -0.993746 -0.111623 -0.0030273 -0.947404 -0.00619326 0.0280272 0.999588 105.843
-0.112113 0.993312 -0.0276165 105.549 -0.993687 -0.112181 -0.00092923 -0.959504 -0.00402107 0.027338 0.999618 105.749
-0.112694 0.993234 -0.028028 106.362 -0.993626 -0.112725 0.000484543 -0.968698 -0.00267819 0.027904 0.999607 105.668
-0.11404 0.993007 -0.0305225 107.174 -0.993473 -0.114066 0.000878013 -0.978512 -0.00260972 0.0304234 0.999534 105.583
-0.116111 0.992709 -0.0323442 107.968 -0.993231 -0.11615 0.000687857 -0.985127 -0.00307393 0.0322052 0.999477 105.502
-0.119132 0.992375 -0.0315984 108.766 -0.992877 -0.119133 0.00184046 -0.998979 -0.001938 0.0315926 0.999499 105.41
-0.122399 0.991954 -0.0323369 109.561 -0.992481 -0.122319 0.00444146 -1.00906 0.000450299 0.0326374 0.999467 105.32
-0.125344 0.991543 -0.0336444 110.346 -0.992112 -0.125213 0.00597565 -1.02743 0.00171239 0.034128 0.999416 105.231
-0.128765 0.991128 -0.0329397 111.121 -0.991674 -0.128641 0.00586176 -1.03576 0.00157236 0.0334202 0.99944 105.142
-0.131621 0.990774 -0.0323071 111.898 -0.9913 -0.131528 0.00499284 -1.04683 0.000697487 0.0326832 0.999466 105.037
-0.134301 0.990445 -0.0313228 112.672 -0.99094 -0.13419 0.00564104 -1.05816 0.00138395 0.0317966 0.999493 104.937
-0.136055 0.990084 -0.0349698 113.445 -0.990681 -0.135739 0.0112559 -1.07575 0.00639747 0.0361753 0.999325 104.836
-0.137685 0.989851 -0.0351731 114.211 -0.990391 -0.137122 0.0179672 -1.09658 0.0129619 0.037309 0.99922 104.743
-0.14061 0.98958 -0.0309797 114.975 -0.989941 -0.140029 0.0202127 -1.10294 0.015664 0.0335102 0.999316 104.63
-0.143882 0.989144 -0.0298536 115.737 -0.989514 -0.14342 0.0170986 -1.13233 0.0126314 0.0320007 0.999408 104.525
-0.147059 0.988579 -0.0329536 116.504 -0.989111 -0.146779 0.0107808 -1.15281 0.00582075 0.0341802 0.999399 104.418
-0.14895 0.988268 -0.0337583 117.265 -0.988835 -0.14871 0.0095388 -1.1635 0.00440671 0.0348022 0.999385 104.307
-0.150597 0.988022 -0.0336562 118.019 -0.988569 -0.150259 0.0123609 -1.18372 0.00715564 0.035133 0.999357 104.197
-0.153376 0.987506 -0.0361665 118.768 -0.988116 -0.152888 0.0159012 -1.20545 0.0101731 0.0381755 0.999219 104.09
-0.15574 0.98716 -0.0354874 119.516 -0.987708 -0.155141 0.019076 -1.21208 0.0133255 0.0380221 0.999188 103.976
-0.157715 0.986986 -0.0313668 120.265 -0.987339 -0.157067 0.0221674 -1.23512 0.0169522 0.0344658 0.999262 103.847
-0.159723 0.986678 -0.0309118 120.999 -0.986934 -0.158935 0.026481 -1.25804 0.0212153 0.0347375 0.999171 103.732
-0.16251 0.986198 -0.0316831 121.729 -0.986438 -0.161632 0.028557 -1.28671 0.0230419 0.0358942 0.99909 103.628
-0.16531 0.985742 -0.0313947 122.472 -0.986028 -0.164527 0.0260842 -1.30609 0.020547 0.035268 0.999167 103.509
-0.169575 0.985109 -0.0283726 123.197 -0.985372 -0.168984 0.0220721 -1.32978 0.0169489 0.0317004 0.999354 103.385
-0.175557 0.984093 -0.0272013 123.918 -0.984357 -0.175053 0.0199408 -1.35996 0.0148619 0.0302765 0.999431 103.26
-0.182196 0.982882 -0.027328 124.64 -0.983163 -0.181713 0.0192409 -1.38502 0.0139457 0.0303735 0.999441 103.131
-0.191079 0.981171 -0.0281603 125.368 -0.981468 -0.190556 0.020246 -1.40523 0.0144987 0.031507 0.999398 103.001
-0.201804 0.979017 -0.0282954 126.076 -0.979305 -0.20124 0.0215485 -1.42709 0.0154022 0.0320584 0.999367 102.863
-0.21381 0.976477 -0.0278922 126.777 -0.976734 -0.213206 0.0231166 -1.45003 0.0166261 0.0321858 0.999344 102.715
-0.226339 0.973666 -0.0272951 127.481 -0.973893 -0.225714 0.0241873 -1.47115 0.0173895 0.0320571 0.999335 102.557
-0.238273 0.970895 -0.0242737 128.177 -0.971047 -0.237721 0.0235917 -1.49077 0.0171347 0.0291922 0.999427 102.38
-0.249233 0.968208 -0.0213639 128.881 -0.968297 -0.24875 0.0229157 -1.51748 0.0168729 0.0263979 0.999509 102.204
-0.25938 0.965601 -0.0183411 129.579 -0.965636 -0.258973 0.0219088 -1.53872 0.0164053 0.0233935 0.999592 102.009
-0.268285 0.963238 -0.01402 130.27 -0.963214 -0.267987 0.0200416 -1.55719 0.0155477 0.0188811 0.999701 101.808
-0.276233 0.961039 -0.00992893 130.965 -0.960978 -0.276028 0.0181391 -1.58177 0.0146917 0.0145521 0.999786 101.593
-0.282256 0.959292 -0.00948547 131.661 -0.959238 -0.282069 0.0173058 -1.61145 0.0139258 0.0139835 0.999805 101.385
-0.286743 0.95798 -0.00726538 132.347 -0.95794 -0.286624 0.0140697 -1.62802 0.0113961 0.0109942 0.999875 101.177
-0.288638 0.957435 -0.00239988 133.027 -0.957415 -0.288612 0.00771932 -1.63928 0.00669811 0.00452577 0.999967 100.962
-0.289902 0.957056 0.000742071 133.704 -0.957051 -0.289903 0.00299159 -1.65784 0.00307825 0.000157069 0.999995 100.749
-0.290944 0.956726 0.00513641 134.383 -0.956739 -0.290948 0.000107877 -1.67011 0.00159764 -0.00488282 0.999987 100.537
-0.290614 0.956794 0.00946121 135.029 -0.95682 -0.290658 0.00358131 -1.68795 0.00617655 -0.0080119 0.999949 100.331
-0.289579 0.957112 0.00902361 135.694 -0.957111 -0.289642 0.00673572 -1.69824 0.00906045 -0.00668608 0.999937 100.134
-0.28861 0.957403 0.00916623 136.36 -0.957408 -0.288671 0.00618691 -1.71764 0.00856939 -0.00699023 0.999939 99.9309
-0.286679 0.957972 0.0102041 137.017 -0.958006 -0.286726 0.00343503 -1.73075 0.00621643 -0.00879082 0.999942 99.7366
-0.285298 0.958381 0.0105562 137.668 -0.958432 -0.28532 0.000594089 -1.74457 0.00358126 -0.00994792 0.999944 99.541
-0.283577 0.958869 0.0124588 138.321 -0.958942 -0.283603 0.000349351 -1.75481 0.00386834 -0.0118482 0.999922 99.3514
-0.280959 0.959596 0.0154012 138.966 -0.9597 -0.281019 0.00185386 -1.7771 0.006107 -0.0142597 0.99988 99.1502
-0.276754 0.960795 0.0167304 139.61 -0.960919 -0.276822 0.00187568 -1.7871 0.00643351 -0.0155575 0.999858 98.9657
-0.271692 0.962252 0.015963 140.25 -0.962367 -0.27175 0.00155277 -1.80508 0.00583211 -0.0149404 0.999871 98.7822
-0.266326 0.963734 0.0169244 140.885 -0.963876 -0.266348 -0.000981393 -1.81574 0.00356198 -0.0165744 0.999856 98.6151
-0.261625 0.965024 0.0167735 141.495 -0.965168 -0.261621 -0.00248206 -1.83434 0.00199305 -0.0168386 0.999856 98.4503
-0.257655 0.9661 0.0162544 142.12 -0.966236 -0.257635 -0.00334979 -1.85005 0.000951471 -0.0165687 0.999862 98.2832
-0.253857 0.967109 0.0160496 142.745 -0.967242 -0.253815 -0.00461218 -1.86032 -0.000386841 -0.0166947 0.999861 98.1233
-0.250032 0.968054 0.018878 143.355 -0.968234 -0.249933 -0.0074859 -1.86195 -0.00252853 -0.02015 0.999794 97.9607
-0.246539 0.968947 0.0189913 143.973 -0.969121 -0.246391 -0.0097873 -1.87057 -0.00480408 -0.0208178 0.999772 97.8001
-0.243156 0.96983 0.0174724 144.58 -0.969971 -0.243008 -0.0101827 -1.88738 -0.00562954 -0.0194237 0.999795 97.6564
-0.239565 0.970719 0.0176951 145.17 -0.970871 -0.239441 -0.00885392 -1.89403 -0.00435774 -0.0193007 0.999804 97.5153
